0000001 3.5502E+09 2.4813E+07 4.0112E+07
0000002 3.5502E+09 -5.7695E+07 -5.3524E+07
0000003 3.5502E+09 -2.5089E+06 -1.3885E+06
0000004 3.5502E+09 -3.1761E+07 2.1748E+07
0000005 3.5502E+09 -2.4412E+07 7.3993E+06
0000006 3.5502E+09 -6.3279E+06 -2.0292E+07
0000007 3.5502E+09 -3.3923E+07 -2.2638E+07
0000008 3.5502E+09 3.9249E+06 -8.6187E+05
0000009 3.5502E+09 -1.3542E+07 1.7050E+07
0000010 3.5502E+09 -1.1145E+07 -7.4435E+06
0000011 3.5502E+09 -1.8295E+07 2.1115E+07
0000012 3.5502E+09 2.0694E+07 -1.1442E+06
0000013 3.5502E+09 7.0451E+06 -2.7349E+05
0000014 3.5502E+09 -2.8761E+06 -1.2090E+07
0000015 3.5502E+09 2.5495E+07 -2.3165E+07
0000016 3.5502E+09 1.5572E+07 1.8814E+07
0000017 3.5502E+09 1.5405E+07 -2.1101E+07
0000018 3.5502E+09 -3.0281E+07 5.1519E+07
0000019 3.5502E+09 -3.0950E+07 -1.5161E+07
0000020 3.5502E+09 -7.0327E+07 2.2625E+07
0000021 3.5502E+09 8.5784E+07 -7.5096E+07
0000022 3.5502E+09 5.5637E+07 -6.1839E+07
0000023 3.5502E+09 -3.2495E+07 -2.0102E+06
0000024 3.5502E+09 -3.1446E+04 3.1036E+07
0000025 3.5502E+09 3.2520E+07 -8.1135E+06
0000026 3.5502E+09 3.1154E+06 1.0851E+07
0000027 3.5502E+09 1.4755E+07 8.3307E+06
0000028 3.5502E+09 -7.1034E+06 1.9480E+06
0000029 3.5502E+09 4.4500E+06 1.9502E+07
0000030 3.5502E+09 1.3060E+07 5.7199E+06
0000031 3.5502E+09 2.9171E+07 -2.3179E+07
0000032 3.5502E+09 -3.3235E+07 -9.7687E+05
0000033 3.5502E+09 1.3039E+07 3.8087E+06
0000034 3.5502E+09 8.6074E+04 -1.5182E+07
0000035 3.5502E+09 -8.7476E+06 1.8727E+07
0000036 3.5502E+09 -3.5539E+07 1.1249E+07
0000037 3.5502E+09 4.8658E+07 1.3912E+07
0000038 3.5502E+09 -2.1319E+07 -1.3551E+07
0000039 3.5502E+09 1.3118E+07 6.1465E+06
0000040 3.5502E+09 4.1069E+06 -3.0739E+07
0000041 3.5502E+09 6.2877E+06 1.2820E+07
0000042 3.5502E+09 6.9354E+06 -2.2910E+07
0000043 3.5502E+09 3.4336E+07 -7.6901E+06
0000044 3.5502E+09 -1.9689E+07 1.8540E+07
0000045 3.5502E+09 -7.0122E+06 -8.2955E+06
0000046 3.5502E+09 4.5799E+06 2.3675E+07
0000047 3.5502E+09 3.7281E+06 -1.1336E+07
0000048 3.5502E+09 -2.4958E+07 -2.1570E+06
0000049 3.5502E+09 -5.2564E+04 -7.8983E+06
0000050 3.5502E+09 1.9623E+07 2.9162E+07
0000051 3.5502E+09 -3.6003E+06 -2.2691E+07
0000052 3.5502E+09 7.2218E+06 9.0106E+06
0000053 3.5502E+09 1.7130E+07 -2.8206E+07
0000054 3.5502E+09 1.1433E+07 1.7665E+07
0000055 3.5502E+09 -6.6765E+05 -3.7171E+06
0000056 3.5502E+09 -1.4012E+07 9.8207E+06
0000057 3.5502E+09 5.2296E+07 -2.4286E+07
0000058 3.5502E+09 2.9183E+07 6.4939E+05
0000059 3.5502E+09 -8.9795E+07 -1.6394E+08
0000060 3.5502E+09 9.5767E+06 -1.0961E+07
0000061 3.5502E+09 1.8717E+07 -1.8640E+07
0000062 3.5502E+09 -2.2335E+07 -6.1987E+05
0000063 3.5502E+09 2.9167E+07 -1.3569E+07
0000064 3.5502E+09 3.1123E+07 8.7722E+06
0000065 3.5502E+09 2.6961E+07 -5.4529E+07
0000066 3.5502E+09 2.4532E+07 -9.8350E+06
0000067 3.5502E+09 -2.0367E+07 1.0463E+07
0000068 3.5502E+09 6.1347E+06 5.0391E+07
0000069 3.5502E+09 9.1109E+06 -1.6858E+07
0000070 3.5502E+09 7.0568E+06 -1.3436E+07
0000071 3.5502E+09 -1.6043E+07 6.7328E+06
0000072 3.5502E+09 1.6741E+07 1.8312E+06
0000073 3.5502E+09 -8.9934E+06 -1.1295E+07
0000074 3.5502E+09 -1.8453E+07 4.9567E+07
0000075 3.5502E+09 1.7207E+07 1.7939E+07
0000076 3.5502E+09 2.4062E+07 -1.7582E+07
0000077 3.5502E+09 4.6464E+06 2.8840E+07
0000078 3.5502E+09 8.8070E+06 -4.9778E+06
0000079 3.5502E+09 2.9775E+07 5.9809E+06
0000080 3.5502E+09 2.6526E+06 -1.4146E+07
0000081 3.5502E+09 -1.8166E+07 2.2039E+06
0000082 3.5502E+09 -1.6520E+07 7.6311E+06
0000083 3.5502E+09 1.6971E+07 2.4244E+07
0000084 3.5502E+09 -7.3231E+06 1.2126E+07
0000085 3.5502E+09 -9.0651E+06 4.5980E+06
0000086 3.5502E+09 -2.0373E+07 -4.3371E+06
0000087 3.5502E+09 -4.9093E+07 -4.7280E+06
0000088 3.5502E+09 2.4962E+07 -2.0229E+07
0000089 3.5502E+09 3.2704E+07 8.5313E+06
0000090 3.5502E+09 -2.9121E+06 -2.5341E+06
0000091 3.5502E+09 -2.3492E+07 -3.0055E+07
0000092 3.5502E+09 1.4850E+07 7.4303E+06
0000093 3.5502E+09 1.3333E+07 -1.4968E+07
0000094 3.5502E+09 -4.5744E+06 -1.7041E+07
0000095 3.5502E+09 2.9081E+07 -1.4782E+07
0000096 3.5502E+09 -2.1779E+07 -7.7039E+06
0000097 3.5502E+09 1.0179E+07 -3.2648E+07
0000098 3.5502E+09 1.1935E+07 -1.0796E+07
0000099 3.5502E+09 -3.1179E+07 5.8329E+06
0000100 3.5502E+09 3.0756E+07 7.6407E+07
0000101 3.5502E+09 1.5140E+07 2.3034E+07
0000102 3.5502E+09 -9.8932E+06 1.3315E+07
0000103 3.5502E+09 1.1364E+06 1.2933E+06
0000104 3.5502E+09 1.6337E+07 -6.8010E+07
0000105 3.5502E+09 -1.0046E+07 -6.1393E+06
0000106 3.5502E+09 -5.4301E+07 -8.6678E+06
0000107 3.5502E+09 -8.2342E+06 1.6432E+07
0000108 3.5502E+09 -2.9135E+07 -1.9843E+07
0000109 3.5502E+09 -1.3155E+07 -1.2068E+07
0000110 3.5502E+09 -1.9046E+06 4.1371E+07
0000111 3.5502E+09 9.9122E+06 -6.7007E+06
0000112 3.5502E+09 -6.1651E+07 -6.0451E+06
0000113 3.5502E+09 3.4991E+06 6.2420E+06
0000114 3.5502E+09 9.4130E+05 2.2254E+07
0000115 3.5502E+09 -2.0048E+07 9.4759E+06
0000116 3.5502E+09 -2.9460E+06 9.3339E+06
0000117 3.5502E+09 -6.4424E+06 -1.6171E+07
0000118 3.5502E+09 -1.0443E+07 3.8994E+06
0000119 3.5502E+09 -2.5749E+07 5.2996E+06
0000120 3.5502E+09 -3.5381E+06 5.9579E+06
0000121 3.5502E+09 9.6009E+06 2.5013E+07
0000122 3.5502E+09 -1.2919E+07 1.7820E+07
0000123 3.5502E+09 -1.0336E+04 -1.6610E+07
0000124 3.5502E+09 2.2006E+07 8.0428E+06
0000125 3.5502E+09 -1.2165E+06 4.4965E+06
0000126 3.5502E+09 -1.9296E+07 -7.2552E+07
0000127 3.5502E+09 2.4012E+06 -1.4057E+07
0000128 3.5502E+09 -2.8327E+07 2.7998E+04
0000129 3.5502E+09 5.0981E+06 -8.7364E+06
0000130 3.5502E+09 -8.5752E+06 6.3470E+07
0000131 3.5502E+09 -2.1716E+07 -4.3855E+06
0000132 3.5502E+09 -2.9137E+07 -6.7099E+06
0000133 3.5502E+09 -2.5044E+07 6.9687E+06
0000134 3.5502E+09 -3.0241E+07 -5.2203E+05
0000135 3.5502E+09 6.3553E+06 -6.6460E+06
0000136 3.5502E+09 -1.0701E+07 1.8024E+07
0000137 3.5502E+09 3.1317E+07 1.2987E+07
0000138 3.5502E+09 -5.4524E+07 1.0683E+08
0000139 3.5502E+09 2.0531E+07 -8.2121E+06
0000140 3.5502E+09 -2.9024E+07 -3.5076E+07
0000141 3.5502E+09 -1.8314E+07 1.6843E+07
0000142 3.5502E+09 -1.1930E+07 2.9139E+07
0000143 3.5502E+09 -2.4153E+06 -1.9423E+07
0000144 3.5502E+09 -1.9119E+07 -1.9687E+07
0000145 3.5502E+09 1.6803E+07 1.3671E+07
0000146 3.5502E+09 -7.9551E+06 -3.8853E+06
0000147 3.5502E+09 8.3047E+06 -5.5274E+06
0000148 3.5502E+09 1.3681E+07 -5.1352E+06
0000149 3.5502E+09 -2.0616E+07 9.5219E+06
0000150 3.5502E+09 7.8250E+07 -3.5756E+07
0000151 3.5502E+09 -7.4418E+06 5.3336E+06
0000152 3.5502E+09 -1.6409E+07 -5.5671E+06
0000153 3.5502E+09 -2.7460E+07 -4.7125E+07
0000154 3.5502E+09 2.2139E+07 2.9314E+07
0000155 3.5502E+09 1.3683E+07 6.5745E+06
0000156 3.5502E+09 -1.7066E+06 1.0705E+06
0000157 3.5502E+09 5.2606E+06 5.7619E+07
0000158 3.5502E+09 -2.4111E+07 3.7594E+07
0000159 3.5502E+09 2.6887E+07 3.9756E+05
0000160 3.5502E+09 1.4079E+07 8.3752E+06
0000161 3.5502E+09 9.6034E+06 -2.2209E+07
0000162 3.5502E+09 -1.6682E+06 -4.7410E+07
0000163 3.5502E+09 1.6689E+07 8.7491E+06
0000164 3.5502E+09 -8.5855E+05 -1.3292E+07
0000165 3.5502E+09 -5.9317E+06 1.4319E+07
0000166 3.5502E+09 -5.3058E+07 -1.6836E+07
0000167 3.5502E+09 7.3026E+06 -2.6836E+07
0000168 3.5502E+09 1.0015E+07 -2.1794E+07
0000169 3.5502E+09 2.8069E+07 -2.4993E+07
0000170 3.5502E+09 1.6168E+06 -2.3947E+07
0000171 3.5502E+09 1.5144E+07 -1.7484E+06
0000172 3.5502E+09 8.2616E+06 1.8095E+07
0000173 3.5502E+09 -1.6399E+07 -1.1513E+07
0000174 3.5502E+09 -7.4557E+06 1.4483E+07
0000175 3.5502E+09 1.7310E+07 2.6799E+07
0000176 3.5502E+09 1.9898E+05 6.7797E+06
0000177 3.5502E+09 -5.4055E+06 2.7520E+07
0000178 3.5502E+09 -2.4121E+07 1.5218E+07
0000179 3.5502E+09 -8.8077E+06 -3.9560E+06
0000180 3.5502E+09 3.0479E+07 2.4111E+07
0000181 3.5502E+09 6.2713E+06 -1.3197E+07
0000182 3.5502E+09 1.1502E+08 -2.3078E+07
0000183 3.5502E+09 -8.4069E+06 -4.5688E+06
0000184 3.5502E+09 -1.4489E+07 2.1855E+07
0000185 3.5502E+09 1.7445E+07 -1.3268E+06
0000186 3.5502E+09 1.5991E+07 -4.0369E+07
0000187 3.5502E+09 -1.5363E+07 -6.4511E+06
0000188 3.5502E+09 -2.6824E+06 -1.9025E+07
0000189 3.5502E+09 2.5873E+07 -1.7607E+07
0000190 3.5502E+09 3.3215E+07 1.4177E+07
0000191 3.5502E+09 -1.1043E+07 1.1702E+07
0000192 3.5502E+09 1.9572E+06 -4.0885E+06
0000193 3.5502E+09 2.5444E+07 4.6130E+07
0000194 3.5502E+09 5.7221E+06 5.8117E+06
0000195 3.5502E+09 1.0772E+07 3.8976E+06
0000196 3.5502E+09 -1.1286E+07 1.1920E+06
0000197 3.5502E+09 3.9359E+06 1.1351E+07
0000198 3.5502E+09 4.5787E+06 1.0380E+07
0000199 3.5502E+09 -3.5074E+06 -3.0659E+07
0000200 3.5502E+09 -7.7746E+06 -2.0213E+07
0000201 3.5502E+09 -3.1428E+07 4.8465E+07
0000202 3.5502E+09 -2.0950E+06 -2.6845E+07
0000203 3.5502E+09 1.4087E+07 5.1115E+06
0000204 3.5502E+09 -2.6199E+07 -3.7700E+06
0000205 3.5502E+09 -4.6091E+06 -8.6962E+06
0000206 3.5502E+09 -5.3609E+06 -3.6200E+07
0000207 3.5502E+09 7.2018E+06 -7.3226E+06
0000208 3.5502E+09 2.2765E+07 -1.1648E+07
0000209 3.5502E+09 -7.8612E+06 4.9743E+06
0000210 3.5502E+09 -1.4090E+07 1.2228E+06
0000211 3.5502E+09 -2.1628E+06 -1.5302E+07
0000212 3.5502E+09 1.1843E+07 1.2075E+07
0000213 3.5502E+09 -1.8350E+07 -1.0817E+07
0000214 3.5502E+09 3.2253E+06 -5.3898E+06
0000215 3.5502E+09 -1.3425E+07 5.6767E+06
0000216 3.5502E+09 -1.9938E+07 1.4862E+07
0000217 3.5502E+09 3.3249E+07 -1.3306E+07
0000218 3.5502E+09 -1.3917E+07 -2.7799E+07
0000219 3.5502E+09 3.2822E+07 5.4518E+07
0000220 3.5502E+09 9.8440E+06 1.2367E+07
0000221 3.5502E+09 -3.7037E+06 -9.5300E+05
0000222 3.5502E+09 1.9833E+06 1.2212E+06
0000223 3.5502E+09 -9.8928E+06 -1.6239E+07
0000224 3.5502E+09 -7.5122E+06 -9.5290E+06
0000225 3.5502E+09 -2.3626E+07 1.1806E+07
0000226 3.5502E+09 -5.3586E+07 2.4009E+07
0000227 3.5502E+09 -6.1370E+07 -4.3480E+07
0000228 3.5502E+09 2.1583E+07 -1.7164E+07
0000229 3.5502E+09 2.4100E+07 4.0226E+07
0000230 3.5502E+09 1.0214E+07 -2.4950E+07
0000231 3.5502E+09 2.3318E+07 -6.3254E+06
0000232 3.5502E+09 -2.2560E+07 -8.4765E+06
0000233 3.5502E+09 1.0844E+07 -1.2519E+07
0000234 3.5502E+09 -2.8795E+07 -4.4587E+06
0000235 3.5502E+09 1.1742E+07 1.3845E+07
0000236 3.5502E+09 -2.6453E+07 3.7568E+07
0000237 3.5502E+09 -4.0771E+07 -1.7788E+05
0000238 3.5502E+09 2.3454E+07 -8.7853E+06
0000239 3.5502E+09 -2.9436E+07 -4.8802E+06
0000240 3.5502E+09 -1.1540E+07 5.9846E+06
0000241 3.5502E+09 2.1192E+07 2.2084E+07
0000242 3.5502E+09 -2.8481E+08 3.5897E+08
0000243 3.5502E+09 1.9759E+07 -2.7718E+07
0000244 3.5502E+09 -5.1377E+06 -1.1781E+07
0000245 3.5502E+09 -1.0967E+07 -1.2434E+07
0000246 3.5502E+09 7.8241E+06 2.0742E+07
0000247 3.5502E+09 -7.3548E+06 -2.8855E+07
0000248 3.5502E+09 4.1873E+07 1.2460E+07
0000249 3.5502E+09 1.2864E+07 -1.0898E+07
0000250 3.5502E+09 2.7613E+07 2.6703E+06
0000251 3.5502E+09 -3.8439E+07 4.5000E+06
0000252 3.5502E+09 1.5467E+07 -2.0218E+07
0000253 3.5502E+09 -3.4288E+06 3.7811E+07
0000254 3.5502E+09 9.1672E+06 -2.0648E+07
0000255 3.5502E+09 4.7726E+06 6.8937E+06
0000256 3.5502E+09 -2.2072E+06 -1.1036E+07
0000257 3.5502E+09 3.5987E+07 -3.8590E+06
0000258 3.5502E+09 6.3710E+06 -1.2645E+07
0000259 3.5502E+09 -2.4620E+07 -1.1064E+07
0000260 3.5502E+09 1.7869E+07 -4.4448E+06
0000261 3.5502E+09 1.0853E+06 1.2714E+07
0000262 3.5502E+09 7.9408E+06 8.8574E+06
0000263 3.5502E+09 9.8807E+05 6.3880E+06
0000264 3.5502E+09 3.0221E+07 1.7652E+07
0000265 3.5502E+09 1.6069E+07 -2.2127E+07
0000266 3.5502E+09 -9.7429E+06 -7.8520E+06
0000267 3.5502E+09 2.5938E+07 -2.5377E+06
0000268 3.5502E+09 -3.6197E+07 -9.4002E+06
0000269 3.5502E+09 1.4923E+07 -1.4708E+07
0000270 3.5502E+09 3.3007E+07 -1.7259E+07
0000271 3.5502E+09 -1.6241E+06 3.0227E+06
0000272 3.5502E+09 1.5108E+07 1.1480E+07
0000273 3.5502E+09 2.4629E+06 4.0268E+06
0000274 3.5502E+09 -2.8455E+07 1.7457E+07
0000275 3.5502E+09 6.0551E+06 -3.8479E+06
0000276 3.5502E+09 1.9119E+07 -2.7681E+07
0000277 3.5502E+09 2.9432E+07 -9.7691E+06
0000278 3.5502E+09 -2.9143E+06 -4.7313E+06
0000279 3.5502E+09 -2.8131E+07 2.1841E+07
0000280 3.5502E+09 -4.1539E+07 6.3672E+05
0000281 3.5502E+09 -2.8733E+07 -1.9108E+07
0000282 3.5502E+09 -1.2411E+07 -6.6597E+06
0000283 3.5502E+09 1.6037E+07 -8.9277E+07
0000284 3.5502E+09 1.5750E+07 -4.8655E+06
0000285 3.5502E+09 2.0928E+07 4.8658E+07
0000286 3.5502E+09 2.3752E+07 -3.8538E+07
0000287 3.5502E+09 -2.0909E+07 -1.3977E+07
0000288 3.5502E+09 1.5177E+07 2.2652E+07
0000289 3.5502E+09 9.8124E+06 -7.2819E+06
0000290 3.5502E+09 2.8069E+07 -2.7359E+06
0000291 3.5502E+09 -1.6986E+07 7.8933E+06
0000292 3.5502E+09 -1.4970E+06 1.4078E+07
0000293 3.5502E+09 5.3588E+06 2.6278E+06
0000294 3.5502E+09 2.3296E+07 -5.0297E+06
0000295 3.5502E+09 -6.9165E+06 -2.8841E+06
0000296 3.5502E+09 -1.0268E+07 -2.4809E+07
0000297 3.5502E+09 2.4637E+07 -8.5185E+06
0000298 3.5502E+09 -4.8597E+06 1.5988E+07
0000299 3.5502E+09 -1.2264E+07 6.1553E+06
0000300 3.5502E+09 -1.3840E+07 -1.3331E+07
0000301 3.5502E+09 4.3060E+06 1.0202E+06
0000302 3.5502E+09 1.4019E+06 -3.5633E+06
0000303 3.5502E+09 -6.7097E+06 2.1329E+07
0000304 3.5502E+09 1.7360E+07 6.7963E+06
0000305 3.5502E+09 -1.5349E+06 -7.9617E+06
0000306 3.5502E+09 -1.4862E+08 3.7821E+08
0000307 3.5502E+09 -6.1620E+06 1.2859E+07
0000308 3.5502E+09 -2.9164E+07 9.0039E+05
0000309 3.5502E+09 2.2544E+07 1.8695E+07
0000310 3.5502E+09 -1.7022E+07 1.9493E+07
0000311 3.5502E+09 1.0182E+07 -5.2810E+06
0000312 3.5502E+09 1.0239E+07 -1.7630E+07
0000313 3.5502E+09 -1.4385E+07 1.6231E+07
0000314 3.5502E+09 1.9952E+06 -1.6536E+07
0000315 3.5502E+09 -1.0021E+07 -2.8492E+07
0000316 3.5502E+09 -1.7226E+07 -1.8582E+07
0000317 3.5502E+09 -6.3684E+06 -8.4251E+06
0000318 3.5502E+09 -1.5398E+07 1.7334E+06
0000319 3.5502E+09 2.7334E+07 7.3236E+06
0000320 3.5502E+09 -3.2841E+07 -1.7137E+07
0000321 3.5502E+09 -2.3474E+07 5.5970E+05
0000322 3.5502E+09 -2.4836E+07 -7.1615E+06
0000323 3.5502E+09 -1.1111E+07 -1.3097E+07
0000324 3.5502E+09 2.1066E+06 -1.2854E+07
0000325 3.5502E+09 -1.8249E+07 -5.5484E+06
0000326 3.5502E+09 -2.0179E+07 -2.3170E+07
0000327 3.5502E+09 1.7449E+07 -2.2374E+05
0000328 3.5502E+09 1.7937E+07 1.0218E+07
0000329 3.5502E+09 8.5070E+06 -2.4776E+07
0000330 3.5502E+09 -1.8282E+07 -1.9217E+07
0000331 3.5502E+09 -3.9555E+06 -1.0340E+07
0000332 3.5502E+09 -2.5750E+07 -6.3591E+06
0000333 3.5502E+09 -7.1103E+07 -2.8666E+07
0000334 3.5502E+09 1.3589E+07 3.0127E+07
0000335 3.5502E+09 -7.3036E+06 3.6951E+06
0000336 3.5502E+09 1.3437E+07 -1.6376E+07
0000337 3.5502E+09 3.1243E+06 -1.9623E+07
0000338 3.5502E+09 1.9498E+07 1.8395E+07
0000339 3.5502E+09 1.9897E+07 5.2384E+06
0000340 3.5502E+09 8.5753E+06 4.0150E+07
0000341 3.5502E+09 1.9165E+07 -9.2547E+06
0000342 3.5502E+09 -2.5486E+07 -2.0430E+07
0000343 3.5502E+09 -2.2060E+07 3.8359E+06
0000344 3.5502E+09 8.0846E+06 -3.8602E+06
0000345 3.5502E+09 3.7207E+07 -3.2661E+07
0000346 3.5502E+09 -1.4515E+07 7.6643E+06
0000347 3.5502E+09 1.3499E+07 -7.3754E+06
0000348 3.5502E+09 5.2014E+06 -2.0061E+07
0000349 3.5502E+09 -8.1470E+04 -1.2039E+07
0000350 3.5502E+09 -6.0895E+06 1.5578E+06
0000351 3.5502E+09 3.0926E+06 -1.1473E+07
0000352 3.5502E+09 2.2490E+05 2.6965E+06
0000353 3.5502E+09 2.8039E+07 -1.0086E+07
0000354 3.5502E+09 9.2907E+06 3.6686E+07
0000355 3.5502E+09 1.9594E+06 -9.1537E+06
0000356 3.5502E+09 1.7051E+06 1.2410E+07
0000357 3.5502E+09 2.3883E+07 -2.7957E+07
0000358 3.5502E+09 -2.5825E+07 -1.4628E+07
0000359 3.5502E+09 4.1258E+06 2.4492E+06
0000360 3.5502E+09 1.3667E+07 -2.9405E+07
0000361 3.5502E+09 1.5245E+07 1.1979E+07
0000362 3.5502E+09 -2.9017E+06 -1.6633E+07
0000363 3.5502E+09 -8.4948E+06 -7.1590E+06
0000364 3.5502E+09 6.3406E+06 8.2385E+06
0000365 3.5502E+09 1.5854E+07 2.3648E+07
0000366 3.5502E+09 5.2601E+06 1.9591E+06
0000367 3.5502E+09 7.1747E+05 5.5882E+06
0000368 3.5502E+09 4.2526E+06 -1.2166E+07
0000369 3.5502E+09 -1.1089E+06 2.6253E+07
0000370 3.5502E+09 6.3424E+06 1.3935E+07
0000371 3.5502E+09 -1.3714E+07 1.0805E+07
0000372 3.5502E+09 1.0719E+07 -3.2812E+06
0000373 3.5502E+09 2.2444E+07 4.9991E+06
0000374 3.5502E+09 2.8687E+07 1.0356E+06
0000375 3.5502E+09 -3.8745E+06 -1.5389E+07
0000376 3.5502E+09 -3.0443E+07 8.6357E+06
0000377 3.5502E+09 -3.5003E+07 4.0578E+06
0000378 3.5502E+09 9.5135E+06 7.6837E+06
0000379 3.5502E+09 1.1350E+07 -2.9409E+07
0000380 3.5502E+09 -2.4424E+05 -2.1624E+07
0000381 3.5502E+09 1.4855E+07 3.2077E+07
0000382 3.5502E+09 -2.4101E+07 -1.3156E+06
0000383 3.5502E+09 4.9246E+06 -2.4591E+06
0000384 3.5502E+09 1.0257E+07 4.9719E+06
0000385 3.5502E+09 3.8527E+06 -1.0982E+07
0000386 3.5502E+09 6.5003E+06 -7.9987E+06
0000387 3.5502E+09 -7.9135E+06 -1.3566E+07
0000388 3.5502E+09 6.4269E+07 2.0997E+07
0000389 3.5502E+09 -1.3650E+07 2.7583E+07
0000390 3.5502E+09 4.3986E+07 2.7836E+07
0000391 3.5502E+09 -1.5373E+07 -1.7788E+07
0000392 3.5502E+09 -2.0140E+06 3.4547E+07
0000393 3.5502E+09 -2.5681E+06 -1.6686E+07
0000394 3.5502E+09 2.3216E+07 4.0938E+07
0000395 3.5502E+09 -1.1818E+07 1.3562E+06
0000396 3.5502E+09 -1.8942E+07 -1.9171E+07
0000397 3.5502E+09 7.0763E+06 -4.0184E+07
0000398 3.5502E+09 4.3680E+07 2.0606E+07
0000399 3.5502E+09 4.6332E+07 8.3598E+07
0000400 3.5502E+09 -1.1826E+07 3.8835E+06
0000401 3.5502E+09 5.7748E+06 -1.5385E+07
0000402 3.5502E+09 -1.8099E+07 -1.6177E+07
0000403 3.5502E+09 -1.5530E+07 -1.7271E+07
0000404 3.5502E+09 8.2650E+06 -8.3238E+06
0000405 3.5502E+09 -1.1222E+07 2.3092E+06
0000406 3.5502E+09 -1.3666E+07 1.9672E+07
0000407 3.5502E+09 7.4843E+06 -4.3276E+07
0000408 3.5502E+09 -6.7405E+06 -2.7926E+07
0000409 3.5502E+09 -7.5446E+05 -1.1532E+06
0000410 3.5502E+09 -1.9042E+07 -5.2014E+06
0000411 3.5502E+09 -2.2342E+07 -1.2442E+07
0000412 3.5502E+09 -4.8125E+07 -1.7728E+07
0000413 3.5502E+09 -1.1866E+05 7.1644E+06
0000414 3.5502E+09 3.0541E+05 -4.6545E+06
0000415 3.5502E+09 -4.1120E+07 -1.9460E+06
0000416 3.5502E+09 9.3468E+06 3.5855E+06
0000417 3.5502E+09 1.4336E+07 6.7820E+06
0000418 3.5502E+09 1.3067E+07 -1.3320E+06
0000419 3.5502E+09 6.7591E+06 -1.0022E+07
0000420 3.5502E+09 -2.3699E+07 -1.2040E+06
0000421 3.5502E+09 -3.5196E+06 5.9547E+04
0000422 3.5502E+09 1.3685E+07 -3.3418E+07
0000423 3.5502E+09 9.6247E+06 3.3822E+07
0000424 3.5502E+09 -1.6644E+07 5.8887E+07
0000425 3.5502E+09 5.4935E+06 4.0987E+06
0000426 3.5502E+09 5.3856E+06 -1.4847E+07
0000427 3.5502E+09 -1.3154E+07 -5.9196E+07
0000428 3.5502E+09 3.2901E+06 3.8915E+06
0000429 3.5502E+09 -2.4047E+07 1.0487E+07
0000430 3.5502E+09 -7.1448E+06 2.3952E+06
0000431 3.5502E+09 -3.3421E+07 1.5723E+07
0000432 3.5502E+09 1.6229E+07 -1.9659E+07
0000433 3.5502E+09 -3.9417E+06 1.5742E+07
0000434 3.5502E+09 -1.1532E+06 -1.3373E+07
0000435 3.5502E+09 2.3834E+07 -2.5363E+07
0000436 3.5502E+09 -5.3478E+06 -1.1278E+07
0000437 3.5502E+09 -5.0048E+06 -1.1534E+07
0000438 3.5502E+09 -8.8580E+06 -1.9866E+06
0000439 3.5502E+09 -1.0771E+07 4.9702E+06
0000440 3.5502E+09 2.1673E+07 -2.0990E+07
0000441 3.5502E+09 -1.8338E+07 6.1650E+06
0000442 3.5502E+09 -1.3050E+07 -1.2100E+07
0000443 3.5502E+09 -1.4230E+07 -2.0942E+05
0000444 3.5502E+09 -3.0840E+07 -2.8979E+07
0000445 3.5502E+09 -5.2796E+06 -4.0436E+06
0000446 3.5502E+09 3.3715E+06 1.7057E+07
0000447 3.5502E+09 -1.2359E+07 -3.1327E+07
0000448 3.5502E+09 -2.7155E+07 1.3088E+07
0000449 3.5502E+09 -2.3308E+07 5.9329E+05
0000450 3.5502E+09 -3.9870E+07 1.9747E+07
0000451 3.5502E+09 -3.6999E+07 -1.1455E+08
0000452 3.5502E+09 1.6557E+06 -1.0792E+07
0000453 3.5502E+09 7.1168E+05 -7.0709E+06
0000454 3.5502E+09 4.3998E+06 2.1342E+07
0000455 3.5502E+09 8.1484E+07 -1.5095E+07
0000456 3.5502E+09 1.0931E+07 -2.9312E+06
0000457 3.5502E+09 -3.9418E+07 5.3702E+06
0000458 3.5502E+09 -2.4751E+07 -4.5063E+04
0000459 3.5502E+09 -4.0868E+07 1.7009E+07
0000460 3.5502E+09 -3.5310E+05 1.3024E+07
0000461 3.5502E+09 -6.6546E+07 5.5477E+07
0000462 3.5502E+09 -8.1667E+06 2.2240E+07
0000463 3.5502E+09 3.3278E+07 -1.3615E+07
0000464 3.5502E+09 3.2743E+06 1.3852E+07
0000465 3.5502E+09 -8.2206E+05 -5.7142E+07
0000466 3.5502E+09 3.6033E+06 -1.6925E+07
0000467 3.5502E+09 7.1547E+06 6.3524E+06
0000468 3.5502E+09 6.6187E+06 -6.4729E+07
0000469 3.5502E+09 4.8756E+07 4.0680E+07
0000470 3.5502E+09 -8.5481E+06 4.0370E+06
0000471 3.5502E+09 1.7808E+07 -1.0907E+07
0000472 3.5502E+09 -2.7118E+07 2.4100E+07
0000473 3.5502E+09 -4.3055E+06 3.2988E+07
0000474 3.5502E+09 2.2713E+07 5.1145E+06
0000475 3.5502E+09 3.5076E+07 -5.5543E+07
0000476 3.5502E+09 -7.0099E+06 1.7383E+07
0000477 3.5502E+09 7.4231E+06 -1.5072E+07
0000478 3.5502E+09 1.6411E+07 7.8588E+06
0000479 3.5502E+09 -1.9151E+07 -1.9919E+07
0000480 3.5502E+09 -3.6922E+07 1.5261E+07
0000481 3.5502E+09 -1.7747E+07 2.3447E+07
0000482 3.5502E+09 -2.2653E+07 -2.1329E+07
0000483 3.5502E+09 -7.1778E+05 -1.7702E+07
0000484 3.5502E+09 -6.9762E+06 2.5799E+06
0000485 3.5502E+09 6.6306E+06 2.5423E+07
0000486 3.5502E+09 3.2477E+07 1.9533E+06
0000487 3.5502E+09 -5.3657E+07 3.9406E+07
0000488 3.5502E+09 6.7164E+06 -1.0316E+07
0000489 3.5502E+09 1.5749E+07 7.4379E+06
0000490 3.5502E+09 3.3128E+06 -2.0076E+07
0000491 3.5502E+09 1.3149E+07 1.8916E+07
0000492 3.5502E+09 -8.5209E+06 9.0955E+06
0000493 3.5502E+09 1.7594E+06 5.7598E+05
0000494 3.5502E+09 1.8106E+07 3.1452E+07
0000495 3.5502E+09 2.0693E+07 -1.2807E+07
0000496 3.5502E+09 1.6682E+06 3.8261E+07
0000497 3.5502E+09 1.6806E+07 -8.8295E+06
0000498 3.5502E+09 1.2725E+06 -1.7294E+07
0000499 3.5502E+09 -5.0098E+06 -3.2387E+07
0000500 3.5502E+09 -2.3521E+07 -3.5941E+07
0000501 3.5502E+09 -1.2981E+07 -4.8599E+06
0000502 3.5502E+09 -4.4836E+07 2.9740E+07
0000503 3.5502E+09 8.3303E+06 2.9461E+07
0000504 3.5502E+09 1.2183E+07 -1.2133E+07
0000505 3.5502E+09 9.0042E+06 -6.4277E+06
0000506 3.5502E+09 -6.0498E+06 -6.3245E+06
0000507 3.5502E+09 -8.5524E+06 1.6642E+07
0000508 3.5502E+09 1.3841E+07 2.4632E+07
0000509 3.5502E+09 2.2801E+07 -2.1341E+06
0000510 3.5502E+09 -1.8703E+06 -2.4002E+07
0000511 3.5502E+09 6.5592E+06 -2.7386E+07
0000512 3.5502E+09 2.5886E+07 -3.9016E+07
0000513 3.5502E+09 3.3024E+07 5.8929E+07
0000514 3.5502E+09 9.5703E+06 1.1822E+07
0000515 3.5502E+09 -9.0404E+06 -2.1781E+07
0000516 3.5502E+09 -1.1822E+07 -1.6045E+06
0000517 3.5502E+09 -2.1783E+07 -2.6095E+07
0000518 3.5502E+09 -2.1794E+07 4.3296E+07
0000519 3.5502E+09 1.6580E+06 6.1360E+06
0000520 3.5502E+09 -2.3012E+07 -8.2345E+06
0000521 3.5502E+09 -1.9418E+07 -3.4379E+07
0000522 3.5502E+09 -1.2410E+07 -1.0994E+07
0000523 3.5502E+09 1.6137E+08 -2.5262E+06
0000524 3.5502E+09 -1.0028E+07 2.2132E+07
0000525 3.5502E+09 -1.0820E+06 -3.5821E+06
0000526 3.5502E+09 -2.5937E+07 -3.3639E+06
0000527 3.5502E+09 1.3032E+07 -3.1670E+07
0000528 3.5502E+09 -2.2163E+06 1.3481E+07
0000529 3.5502E+09 5.9318E+07 7.9926E+07
0000530 3.5502E+09 1.2360E+07 -1.4090E+07
0000531 3.5502E+09 2.7938E+05 2.4176E+06
0000532 3.5502E+09 -5.2745E+06 -5.1743E+07
0000533 3.5502E+09 -8.3616E+06 2.1874E+07
0000534 3.5502E+09 2.9159E+07 2.9447E+07
0000535 3.5502E+09 1.8134E+07 1.8168E+06
0000536 3.5502E+09 -1.2577E+07 7.1546E+06
0000537 3.5502E+09 -2.0081E+06 4.4701E+06
0000538 3.5502E+09 -1.9695E+07 -1.2603E+07
0000539 3.5502E+09 1.9281E+07 -4.3340E+07
0000540 3.5502E+09 1.5635E+07 3.8636E+07
0000541 3.5502E+09 7.3011E+06 -2.8332E+07
0000542 3.5502E+09 -1.1562E+07 2.2181E+07
0000543 3.5502E+09 7.7632E+06 1.8029E+06
0000544 3.5502E+09 4.2394E+07 1.2281E+07
0000545 3.5502E+09 -1.5671E+07 4.0491E+07
0000546 3.5502E+09 -2.8461E+06 2.0719E+07
0000547 3.5502E+09 -1.2163E+07 -1.8257E+07
0000548 3.5502E+09 2.6324E+07 -6.4138E+06
0000549 3.5502E+09 -1.1990E+07 -2.2058E+06
0000550 3.5502E+09 1.3437E+07 2.7353E+07
0000551 3.5502E+09 2.4045E+08 -1.4272E+08
0000552 3.5502E+09 -7.7588E+06 3.0005E+05
0000553 3.5502E+09 -2.0640E+07 -1.2727E+07
0000554 3.5502E+09 6.7518E+05 -1.1926E+07
0000555 3.5502E+09 1.9459E+07 -1.1083E+07
0000556 3.5502E+09 6.6321E+06 3.2916E+07
0000557 3.5502E+09 6.7904E+06 -1.0006E+07
0000558 3.5502E+09 -3.8315E+06 1.9638E+07
0000559 3.5502E+09 6.5230E+06 3.8651E+07
0000560 3.5502E+09 -1.6563E+07 -3.4477E+06
0000561 3.5502E+09 -2.5181E+06 1.5577E+07
0000562 3.5502E+09 -1.1915E+05 -2.6294E+07
0000563 3.5502E+09 6.3892E+06 8.6059E+06
0000564 3.5502E+09 2.9078E+07 -2.9116E+07
0000565 3.5502E+09 -2.2817E+07 -2.2218E+07
0000566 3.5502E+09 1.9949E+06 2.0880E+07
0000567 3.5502E+09 -2.9182E+07 -1.8930E+07
0000568 3.5502E+09 -5.1139E+06 2.6956E+07
0000569 3.5502E+09 3.4120E+07 -1.0195E+07
0000570 3.5502E+09 -4.6241E+07 1.3780E+07
0000571 3.5502E+09 6.0191E+06 2.6217E+06
0000572 3.5502E+09 -2.2068E+07 2.3153E+06
0000573 3.5502E+09 -3.6804E+07 -7.3937E+06
0000574 3.5502E+09 1.3934E+06 -5.7293E+06
0000575 3.5502E+09 1.0449E+07 3.6694E+07
0000576 3.5502E+09 2.1854E+07 -3.3691E+07
0000577 3.5502E+09 3.5051E+07 -1.5060E+07
0000578 3.5502E+09 -1.9587E+07 1.4677E+07
0000579 3.5502E+09 8.4655E+06 2.3259E+07
0000580 3.5502E+09 -1.4573E+07 -8.6811E+07
0000581 3.5502E+09 2.2967E+07 1.9532E+07
0000582 3.5502E+09 -2.6976E+06 -4.3568E+07
0000583 3.5502E+09 3.3900E+07 -6.4605E+06
0000584 3.5502E+09 6.3183E+07 7.1262E+07
0000585 3.5502E+09 -4.9303E+06 3.5079E+07
0000586 3.5502E+09 -1.0221E+07 -1.2938E+06
0000587 3.5502E+09 -6.2754E+06 1.0460E+07
0000588 3.5502E+09 -2.9289E+07 1.8138E+07
0000589 3.5502E+09 -1.1188E+07 2.0065E+07
0000590 3.5502E+09 -5.1749E+06 -1.6641E+07
0000591 3.5502E+09 4.5319E+06 5.8358E+06
0000592 3.5502E+09 -2.1622E+07 9.0672E+06
0000593 3.5502E+09 -1.1925E+07 -7.7929E+06
0000594 3.5502E+09 8.3935E+05 1.6084E+07
0000595 3.5502E+09 -1.5186E+07 -1.4705E+07
0000596 3.5502E+09 -7.8351E+06 3.8584E+07
0000597 3.5502E+09 -6.0473E+05 8.9679E+06
0000598 3.5502E+09 -2.0715E+06 4.1311E+06
0000599 3.5502E+09 7.9824E+06 3.1763E+06
0000600 3.5502E+09 1.5763E+06 2.6304E+07
0000601 3.5502E+09 -6.2123E+07 -2.7851E+07
0000602 3.5502E+09 4.5009E+07 1.2488E+07
0000603 3.5502E+09 -5.0513E+06 -1.2664E+07
0000604 3.5502E+09 1.7369E+07 1.5502E+07
0000605 3.5502E+09 -4.1433E+06 2.6251E+07
0000606 3.5502E+09 2.0028E+07 1.8468E+07
0000607 3.5502E+09 1.7340E+07 -2.9047E+07
0000608 3.5502E+09 -3.1616E+07 1.7792E+07
0000609 3.5502E+09 -2.8790E+07 -1.9917E+07
0000610 3.5502E+09 -4.5558E+05 -2.0152E+07
0000611 3.5502E+09 4.7124E+06 -1.9935E+07
0000612 3.5502E+09 3.6059E+07 1.6747E+07
0000613 3.5502E+09 -1.1485E+07 -1.0327E+07
0000614 3.5502E+09 -1.5653E+07 -1.5350E+06
0000615 3.5502E+09 5.5851E+06 -4.2884E+07
0000616 3.5502E+09 1.9510E+07 1.9562E+07
0000617 3.5502E+09 -1.4217E+07 -2.7823E+07
0000618 3.5502E+09 -1.5102E+06 -1.4926E+07
0000619 3.5502E+09 -1.7599E+06 -2.4404E+06
0000620 3.5502E+09 3.1249E+06 -5.3083E+06
0000621 3.5502E+09 1.7428E+07 -5.5000E+07
0000622 3.5502E+09 -4.7275E+06 4.8449E+06
0000623 3.5502E+09 3.1251E+07 1.1165E+07
0000624 3.5502E+09 -2.9503E+07 -1.2870E+07
0000625 3.5502E+09 -2.2685E+07 8.2214E+06
0000626 3.5502E+09 1.9945E+07 9.2974E+06
0000627 3.5502E+09 2.8492E+07 -1.7057E+07
0000628 3.5502E+09 -2.0944E+07 -3.8601E+06
0000629 3.5502E+09 2.7433E+06 -9.2587E+06
0000630 3.5502E+09 5.9104E+06 2.1502E+07
0000631 3.5502E+09 3.4084E+08 -1.9184E+07
0000632 3.5502E+09 -2.0419E+07 -3.5086E+07
0000633 3.5502E+09 -4.1746E+07 -7.0604E+06
0000634 3.5502E+09 -2.4153E+06 5.7141E+05
0000635 3.5502E+09 2.2134E+06 7.4029E+06
0000636 3.5502E+09 1.2190E+07 -1.1017E+07
0000637 3.5502E+09 -1.0169E+07 -8.5341E+06
0000638 3.5502E+09 -1.7761E+07 -2.8299E+06
0000639 3.5502E+09 -6.3698E+06 2.5849E+07
0000640 3.5502E+09 8.0252E+06 3.1772E+07
0000641 3.5502E+09 2.8958E+07 -1.7430E+06
0000642 3.5502E+09 -1.6901E+07 4.0236E+06
0000643 3.5502E+09 1.1555E+08 -1.0002E+08
0000644 3.5502E+09 4.0996E+06 -3.3999E+07
0000645 3.5502E+09 -1.3300E+07 -1.6082E+06
0000646 3.5502E+09 5.8248E+06 1.4099E+07
0000647 3.5502E+09 1.1169E+07 1.0820E+07
0000648 3.5502E+09 -1.7613E+07 -5.9254E+06
0000649 3.5502E+09 -9.4517E+06 1.7611E+07
0000650 3.5502E+09 1.6989E+07 4.9703E+06
0000651 3.5502E+09 -8.4779E+06 -6.7620E+06
0000652 3.5502E+09 -3.5554E+06 -5.5135E+06
0000653 3.5502E+09 5.2827E+07 -6.1210E+07
0000654 3.5502E+09 2.1692E+07 1.4464E+07
0000655 3.5502E+09 1.6534E+07 1.0027E+06
0000656 3.5502E+09 -4.9158E+07 1.3371E+07
0000657 3.5502E+09 -2.5879E+07 -1.3192E+07
0000658 3.5502E+09 -4.9274E+05 -6.0192E+06
0000659 3.5502E+09 -2.5276E+07 1.8633E+06
0000660 3.5502E+09 1.2153E+07 2.0073E+07
0000661 3.5502E+09 -1.1672E+07 7.9356E+06
0000662 3.5502E+09 -5.6581E+06 -1.6455E+07
0000663 3.5502E+09 -9.4892E+05 1.9264E+07
0000664 3.5502E+09 4.7531E+06 6.2907E+06
0000665 3.5502E+09 1.3626E+07 -7.9402E+06
0000666 3.5502E+09 2.0171E+07 -3.4254E+07
0000667 3.5502E+09 -4.2555E+06 -1.4658E+07
0000668 3.5502E+09 -1.5029E+07 -7.9494E+06
0000669 3.5502E+09 -6.5114E+06 -2.6202E+07
0000670 3.5502E+09 1.8555E+06 3.2966E+06
0000671 3.5502E+09 2.8225E+07 -5.0739E+05
0000672 3.5502E+09 -3.0545E+06 -1.1910E+06
0000673 3.5502E+09 -2.8717E+05 2.8543E+07
0000674 3.5502E+09 1.7969E+07 6.5775E+06
0000675 3.5502E+09 -8.4041E+06 -1.9875E+06
0000676 3.5502E+09 -5.5107E+06 -3.1668E+06
0000677 3.5502E+09 -1.5160E+07 5.4641E+07
0000678 3.5502E+09 4.0382E+06 -2.0551E+07
0000679 3.5502E+09 6.8254E+06 -8.7373E+06
0000680 3.5502E+09 -4.9621E+07 -4.0291E+07
0000681 3.5502E+09 -2.5166E+06 -1.4888E+07
0000682 3.5502E+09 -5.7233E+06 -1.8247E+06
0000683 3.5502E+09 3.5129E+06 -4.0124E+06
0000684 3.5502E+09 6.4163E+07 5.8405E+07
0000685 3.5502E+09 -5.3363E+06 -5.9577E+07
0000686 3.5502E+09 -7.8011E+07 -2.8514E+07
0000687 3.5502E+09 -2.9399E+06 9.8730E+05
0000688 3.5502E+09 8.0990E+05 -1.7297E+07
0000689 3.5502E+09 1.5061E+07 1.2727E+07
0000690 3.5502E+09 -1.5903E+07 5.4591E+06
0000691 3.5502E+09 -2.7881E+07 -5.2204E+06
0000692 3.5502E+09 -1.8645E+07 -1.2850E+07
0000693 3.5502E+09 2.5624E+07 2.3209E+07
0000694 3.5502E+09 -3.4346E+06 2.2695E+07
0000695 3.5502E+09 1.6087E+07 -2.1875E+07
0000696 3.5502E+09 -1.2919E+06 3.5467E+07
0000697 3.5502E+09 -2.6158E+07 3.7641E+07
0000698 3.5502E+09 -2.7054E+06 1.2096E+07
0000699 3.5502E+09 -1.3724E+07 1.9488E+07
0000700 3.5502E+09 2.5655E+06 -4.7794E+07
0000701 3.5502E+09 3.5257E+06 -2.1659E+07
0000702 3.5502E+09 -5.2629E+06 -1.0552E+07
0000703 3.5502E+09 1.7392E+07 -2.2824E+06
0000704 3.5502E+09 -2.2596E+07 4.8817E+07
0000705 3.5502E+09 -8.8713E+07 1.5525E+07
0000706 3.5502E+09 -2.8658E+07 2.7669E+06
0000707 3.5502E+09 1.1237E+07 -2.3768E+07
0000708 3.5502E+09 -1.1843E+07 -1.6153E+07
0000709 3.5502E+09 -1.3986E+07 -7.1367E+06
0000710 3.5502E+09 -3.9629E+06 -2.0623E+07
0000711 3.5502E+09 -3.7840E+06 1.6799E+07
0000712 3.5502E+09 8.1181E+07 -2.9256E+07
0000713 3.5502E+09 1.5982E+06 -7.8944E+06
0000714 3.5502E+09 2.6919E+07 -1.2691E+07
0000715 3.5502E+09 -2.8913E+07 9.0112E+06
0000716 3.5502E+09 3.6668E+06 1.4744E+06
0000717 3.5502E+09 -1.8099E+07 -7.3349E+06
0000718 3.5502E+09 1.1465E+06 2.7172E+07
0000719 3.5502E+09 3.2430E+07 -1.7393E+07
0000720 3.5502E+09 1.6492E+07 1.1363E+07
0000721 3.5502E+09 4.8750E+07 -3.2888E+07
0000722 3.5502E+09 -3.3417E+07 -1.2486E+07
0000723 3.5502E+09 -7.9396E+05 -3.7229E+06
0000724 3.5502E+09 2.0091E+07 2.6212E+07
0000725 3.5502E+09 -1.5245E+07 -4.1836E+06
0000726 3.5502E+09 -6.2758E+06 -4.7967E+06
0000727 3.5502E+09 3.9711E+06 -1.7525E+07
0000728 3.5502E+09 -4.8673E+06 -1.7452E+07
0000729 3.5502E+09 3.0986E+06 -2.1336E+07
0000730 3.5502E+09 2.4016E+07 -1.0534E+07
0000731 3.5502E+09 4.8875E+06 -6.3562E+06
0000732 3.5502E+09 1.9341E+06 7.4645E+06
0000733 3.5502E+09 -8.9412E+06 1.8017E+07
0000734 3.5502E+09 -2.7758E+07 1.8546E+07
0000735 3.5502E+09 1.0896E+07 4.2143E+06
0000736 3.5502E+09 7.1518E+06 3.4905E+07
0000737 3.5502E+09 -8.9450E+07 2.4819E+07
0000738 3.5502E+09 2.9136E+07 -1.2526E+07
0000739 3.5502E+09 5.9466E+06 -5.0271E+05
0000740 3.5502E+09 5.9888E+06 -1.6274E+07
0000741 3.5502E+09 -5.3038E+05 -9.2235E+06
0000742 3.5502E+09 -3.4142E+07 2.5951E+07
0000743 3.5502E+09 4.5345E+06 1.4881E+07
0000744 3.5502E+09 -4.1095E+06 4.7960E+06
0000745 3.5502E+09 -2.2985E+08 9.0924E+06
0000746 3.5502E+09 6.8966E+06 -2.7511E+07
0000747 3.5502E+09 5.5479E+06 1.6769E+07
0000748 3.5502E+09 1.0957E+06 3.1476E+07
0000749 3.5502E+09 1.0143E+06 -3.1297E+07
0000750 3.5502E+09 -6.3899E+06 -2.1086E+07
0000751 3.5502E+09 1.9626E+06 8.7797E+05
0000752 3.5502E+09 2.5507E+07 -3.5166E+06
0000753 3.5502E+09 2.9599E+06 -7.7776E+06
0000754 3.5502E+09 -3.0648E+05 -2.2943E+07
0000755 3.5502E+09 2.6845E+07 -2.3942E+06
0000756 3.5502E+09 6.2604E+06 -1.9553E+06
0000757 3.5502E+09 -4.4643E+06 -1.2839E+07
0000758 3.5502E+09 -2.2073E+07 9.4093E+05
0000759 3.5502E+09 -6.5229E+06 -1.6616E+05
0000760 3.5502E+09 -2.5474E+06 1.2642E+06
0000761 3.5502E+09 1.3691E+06 -5.3195E+07
0000762 3.5502E+09 -5.1789E+06 3.4109E+07
0000763 3.5502E+09 1.8224E+07 1.1008E+07
0000764 3.5502E+09 5.5409E+06 1.5561E+07
0000765 3.5502E+09 -8.6694E+04 2.1141E+06
0000766 3.5502E+09 -2.3611E+07 5.6087E+07
0000767 3.5502E+09 -2.9931E+07 1.9176E+07
0000768 3.5502E+09 4.2573E+07 3.1265E+07
0000769 3.5502E+09 -1.0703E+06 -3.4812E+06
0000770 3.5502E+09 1.5537E+07 -2.2503E+07
0000771 3.5502E+09 -8.0885E+05 -4.6434E+06
0000772 3.5502E+09 2.9762E+06 -4.4356E+07
0000773 3.5502E+09 1.1485E+07 -3.9903E+06
0000774 3.5502E+09 2.8966E+07 -8.8243E+06
0000775 3.5502E+09 1.3634E+06 8.1644E+06
0000776 3.5502E+09 3.2606E+07 3.3643E+07
0000777 3.5502E+09 -5.9404E+06 -1.0118E+07
0000778 3.5502E+09 -2.6739E+07 -2.3950E+07
0000779 3.5502E+09 -2.7132E+06 2.7871E+07
0000780 3.5502E+09 -1.4657E+07 4.3952E+07
0000781 3.5502E+09 -6.1444E+07 -1.6895E+07
0000782 3.5502E+09 3.3635E+06 -3.1705E+07
0000783 3.5502E+09 1.4187E+07 -1.5262E+07
0000784 3.5502E+09 1.8481E+07 1.5666E+06
0000785 3.5502E+09 -2.0067E+07 -2.5561E+07
0000786 3.5502E+09 2.0903E+07 7.2828E+05
0000787 3.5502E+09 -1.5617E+07 1.1725E+07
0000788 3.5502E+09 4.1930E+06 -1.2418E+07
0000789 3.5502E+09 1.3944E+07 -2.0503E+07
0000790 3.5502E+09 -3.3494E+07 7.1754E+05
0000791 3.5502E+09 2.1669E+07 -1.6883E+07
0000792 3.5502E+09 -1.1737E+07 6.9742E+06
0000793 3.5502E+09 4.4302E+07 -1.5602E+07
0000794 3.5502E+09 4.0723E+07 9.1195E+06
0000795 3.5502E+09 -2.1079E+07 -3.2223E+07
0000796 3.5502E+09 -4.8083E+05 -5.0686E+06
0000797 3.5502E+09 3.9941E+07 -6.2497E+06
0000798 3.5502E+09 3.3600E+07 -1.0733E+07
0000799 3.5502E+09 6.2318E+06 -2.3025E+07
0000800 3.5502E+09 -7.7984E+06 5.2634E+06
0000801 3.5502E+09 1.8773E+06 -9.7591E+06
0000802 3.5502E+09 -1.5852E+07 1.3368E+07
0000803 3.5502E+09 -2.6887E+07 -5.8098E+05
0000804 3.5502E+09 -1.7664E+07 -1.5544E+07
0000805 3.5502E+09 8.9985E+06 -2.0125E+07
0000806 3.5502E+09 1.3566E+06 -2.6916E+06
0000807 3.5502E+09 -1.6996E+07 9.2883E+06
0000808 3.5502E+09 -1.7912E+07 5.1316E+06
0000809 3.5502E+09 5.5753E+06 1.0968E+07
0000810 3.5502E+09 -1.3465E+07 -9.4557E+06
0000811 3.5502E+09 -4.2571E+07 -4.4529E+05
0000812 3.5502E+09 1.1189E+07 -2.9141E+07
0000813 3.5502E+09 3.3663E+07 3.6480E+06
0000814 3.5502E+09 5.5303E+06 4.0507E+06
0000815 3.5502E+09 5.4428E+06 7.6007E+06
0000816 3.5502E+09 1.3544E+07 5.4718E+07
0000817 3.5502E+09 -1.4966E+06 3.9962E+06
0000818 3.5502E+09 7.1233E+06 9.6710E+06
0000819 3.5502E+09 -7.6125E+06 -1.2293E+07
0000820 3.5502E+09 -1.7169E+07 1.5473E+07
0000821 3.5502E+09 5.1762E+05 7.4019E+05
0000822 3.5502E+09 1.4136E+07 2.6665E+07
0000823 3.5502E+09 7.3394E+06 3.6274E+07
0000824 3.5502E+09 -2.0078E+07 -3.2160E+07
0000825 3.5502E+09 -4.9952E+06 -2.8621E+07
0000826 3.5502E+09 -3.0221E+07 -1.3221E+07
0000827 3.5502E+09 -1.6746E+07 -1.4381E+07
0000828 3.5502E+09 -1.0099E+07 -3.0926E+07
0000829 3.5502E+09 7.0015E+06 1.1297E+07
0000830 3.5502E+09 -6.2577E+06 3.8127E+07
0000831 3.5502E+09 2.4538E+07 -3.3294E+06
0000832 3.5502E+09 -5.9559E+06 -1.6756E+07
0000833 3.5502E+09 -2.9083E+06 -1.1927E+07
0000834 3.5502E+09 -2.1951E+07 3.4080E+07
0000835 3.5502E+09 -8.5887E+06 -2.4413E+07
0000836 3.5502E+09 -6.3921E+06 -8.5621E+06
0000837 3.5502E+09 -3.6525E+07 -5.2680E+07
0000838 3.5502E+09 2.2421E+07 -1.3150E+07
0000839 3.5502E+09 2.9125E+07 -1.4170E+07
0000840 3.5502E+09 -1.8793E+07 -8.0808E+06
0000841 3.5502E+09 9.2672E+05 -1.2400E+07
0000842 3.5502E+09 -5.9970E+05 4.6321E+06
0000843 3.5502E+09 -1.8316E+07 -1.8467E+07
0000844 3.5502E+09 2.5830E+07 1.1657E+07
0000845 3.5502E+09 -7.3677E+05 6.6241E+06
0000846 3.5502E+09 1.3173E+07 4.9352E+06
0000847 3.5502E+09 3.5130E+07 -2.1662E+07
0000848 3.5502E+09 1.8550E+07 -2.3829E+07
0000849 3.5502E+09 4.3426E+07 -1.6832E+07
0000850 3.5502E+09 2.2703E+06 8.1213E+06
0000851 3.5502E+09 1.2426E+07 1.1819E+06
0000852 3.5502E+09 -6.0702E+07 4.4324E+07
0000853 3.5502E+09 -4.0900E+06 1.8139E+07
0000854 3.5502E+09 -7.5183E+05 -4.4094E+06
0000855 3.5502E+09 -3.3629E+07 -1.6075E+07
0000856 3.5502E+09 -6.0847E+06 1.2178E+07
0000857 3.5502E+09 -1.3272E+06 6.0705E+06
0000858 3.5502E+09 -1.8883E+07 6.3637E+06
0000859 3.5502E+09 2.4200E+07 -6.7975E+06
0000860 3.5502E+09 8.0543E+06 -1.7157E+07
0000861 3.5502E+09 6.5455E+05 1.7631E+07
0000862 3.5502E+09 -1.1350E+07 -4.1376E+06
0000863 3.5502E+09 -5.6922E+06 -7.2314E+06
0000864 3.5502E+09 -4.9996E+07 2.0117E+06
0000865 3.5502E+09 -7.2325E+06 -7.9248E+06
0000866 3.5502E+09 -9.7370E+05 -1.2868E+07
0000867 3.5502E+09 -1.6130E+07 -4.0319E+06
0000868 3.5502E+09 -3.4651E+07 -9.0771E+06
0000869 3.5502E+09 -6.4319E+06 2.5569E+07
0000870 3.5502E+09 -8.0736E+06 -3.4558E+07
0000871 3.5502E+09 2.0155E+07 2.2440E+07
0000872 3.5502E+09 2.7572E+07 2.9858E+07
0000873 3.5502E+09 -4.0363E+07 -1.0977E+07
0000874 3.5502E+09 -2.3572E+07 1.9838E+05
0000875 3.5502E+09 -1.4084E+07 2.3576E+06
0000876 3.5502E+09 -3.5005E+07 4.7373E+07
0000877 3.5502E+09 -1.8758E+07 1.3093E+07
0000878 3.5502E+09 -1.0936E+07 1.1747E+07
0000879 3.5502E+09 -1.1476E+07 5.7270E+06
0000880 3.5502E+09 1.4420E+07 7.1769E+06
0000881 3.5502E+09 -1.0016E+07 -4.2362E+06
0000882 3.5502E+09 1.0464E+06 -3.4434E+07
0000883 3.5502E+09 -2.7716E+03 1.0184E+07
0000884 3.5502E+09 1.0194E+07 1.3465E+07
0000885 3.5502E+09 2.1161E+07 -1.4827E+07
0000886 3.5502E+09 -3.6621E+07 3.1935E+07
0000887 3.5502E+09 3.7656E+07 -1.8705E+07
0000888 3.5502E+09 -1.2984E+07 -1.0068E+06
0000889 3.5502E+09 8.4741E+06 8.0615E+06
0000890 3.5502E+09 2.1310E+07 -3.8232E+06
0000891 3.5502E+09 -1.2404E+07 -2.3306E+07
0000892 3.5502E+09 -2.6128E+07 8.9128E+06
0000893 3.5502E+09 -1.0099E+07 1.7927E+07
0000894 3.5502E+09 7.5993E+06 1.5256E+07
0000895 3.5502E+09 1.1021E+07 -2.1759E+07
0000896 3.5502E+09 -1.6102E+07 7.6125E+06
0000897 3.5502E+09 2.6023E+07 2.3563E+07
0000898 3.5502E+09 4.3531E+07 1.7117E+07
0000899 3.5502E+09 -1.3796E+07 2.0093E+06
0000900 3.5502E+09 6.1402E+06 -3.3064E+07
0000901 3.5502E+09 -1.3021E+07 -4.1306E+07
0000902 3.5502E+09 3.4006E+07 9.3240E+06
0000903 3.5502E+09 2.1202E+07 -3.5871E+06
0000904 3.5502E+09 2.9258E+07 -5.6952E+05
0000905 3.5502E+09 -1.6408E+07 -1.3979E+07
0000906 3.5502E+09 7.3310E+06 -4.8757E+06
0000907 3.5502E+09 5.2785E+06 2.6933E+07
0000908 3.5502E+09 -1.7812E+07 2.3468E+07
0000909 3.5502E+09 -1.1645E+06 4.4227E+06
0000910 3.5502E+09 9.9269E+06 -4.3852E+06
0000911 3.5502E+09 3.1852E+06 9.5137E+06
0000912 3.5502E+09 1.0716E+07 -1.6637E+07
0000913 3.5502E+09 3.9595E+06 9.5557E+06
0000914 3.5502E+09 -2.3137E+07 3.6300E+07
0000915 3.5502E+09 -4.9830E+07 2.2857E+07
0000916 3.5502E+09 -6.1629E+06 -7.9756E+06
0000917 3.5502E+09 2.0395E+07 -2.7000E+07
0000918 3.5502E+09 -4.3972E+05 -1.5696E+07
0000919 3.5502E+09 -6.7983E+06 1.9863E+07
0000920 3.5502E+09 5.7993E+06 3.3153E+07
0000921 3.5502E+09 3.9994E+07 -2.8549E+06
0000922 3.5502E+09 5.8720E+07 9.1200E+06
0000923 3.5502E+09 -8.8051E+06 6.4698E+06
0000924 3.5502E+09 1.4170E+07 3.7174E+06
0000925 3.5502E+09 1.7181E+06 5.4221E+06
0000926 3.5502E+09 -3.0926E+07 -3.1316E+07
0000927 3.5502E+09 1.0818E+07 2.6527E+07
0000928 3.5502E+09 -1.3368E+07 -1.6297E+07
0000929 3.5502E+09 -1.8066E+07 -7.6105E+06
0000930 3.5502E+09 1.3983E+07 -2.6936E+07
0000931 3.5502E+09 -1.4889E+07 1.5463E+06
0000932 3.5502E+09 -2.7544E+06 -1.9307E+07
0000933 3.5502E+09 2.0211E+07 -8.6255E+06
0000934 3.5502E+09 -3.1428E+06 9.4169E+06
0000935 3.5502E+09 -6.2564E+07 -9.3801E+07
0000936 3.5502E+09 2.7259E+07 -2.1603E+07
0000937 3.5502E+09 -2.7279E+07 1.1813E+07
0000938 3.5502E+09 -1.9545E+07 1.3268E+07
0000939 3.5502E+09 2.3892E+07 2.6715E+07
0000940 3.5502E+09 -5.1731E+06 2.0941E+06
0000941 3.5502E+09 -3.5445E+06 -7.6276E+06
0000942 3.5502E+09 -2.8983E+06 -5.5831E+06
0000943 3.5502E+09 2.2645E+07 -2.3311E+06
0000944 3.5502E+09 7.8374E+06 7.1579E+06
0000945 3.5502E+09 -7.7549E+06 1.8641E+07
0000946 3.5502E+09 -2.4894E+07 1.9334E+07
0000947 3.5502E+09 1.7745E+07 -1.9157E+06
0000948 3.5502E+09 4.7808E+06 1.4928E+06
0000949 3.5502E+09 1.1336E+07 -5.0044E+04
0000950 3.5502E+09 -3.4338E+07 -4.1513E+07
0000951 3.5502E+09 6.6988E+06 -3.4196E+06
0000952 3.5502E+09 2.0868E+07 8.4108E+06
0000953 3.5502E+09 1.3902E+07 -2.4853E+07
0000954 3.5502E+09 1.3802E+07 -1.2795E+07
0000955 3.5502E+09 1.7446E+07 -2.1121E+07
0000956 3.5502E+09 3.9094E+06 -3.2523E+05
0000957 3.5502E+09 1.6255E+06 -1.2472E+07
0000958 3.5502E+09 4.1529E+06 -8.4765E+06
0000959 3.5502E+09 -1.3268E+07 1.3387E+06
0000960 3.5502E+09 9.6427E+05 -4.5844E+05
0000961 3.5502E+09 3.3653E+07 -1.9184E+07
0000962 3.5502E+09 -1.2556E+07 -6.9254E+06
0000963 3.5502E+09 -1.2730E+06 2.5970E+07
0000964 3.5502E+09 -7.4199E+06 3.1337E+06
0000965 3.5502E+09 -3.1414E+06 2.1111E+07
0000966 3.5502E+09 -2.8538E+07 3.2385E+06
0000967 3.5502E+09 -1.2854E+07 -1.3315E+07
0000968 3.5502E+09 -1.3450E+07 2.0288E+07
0000969 3.5502E+09 -2.0078E+07 -1.1387E+06
0000970 3.5502E+09 3.7216E+06 -9.2443E+06
0000971 3.5502E+09 1.2587E+07 -3.3374E+06
0000972 3.5502E+09 -6.8336E+06 -1.4041E+07
0000973 3.5502E+09 1.5345E+07 1.0782E+07
0000974 3.5502E+09 1.5356E+06 -9.4109E+06
0000975 3.5502E+09 1.1256E+07 -2.1668E+07
0000976 3.5502E+09 -1.8255E+07 -6.4038E+06
0000977 3.5502E+09 -1.9443E+07 -2.3626E+07
0000978 3.5502E+09 2.3309E+07 2.1723E+07
0000979 3.5502E+09 6.5421E+06 -9.3104E+06
0000980 3.5502E+09 -8.5840E+06 1.2589E+07
0000981 3.5502E+09 3.2303E+06 -2.5278E+06
0000982 3.5502E+09 -1.1712E+07 8.8977E+06
0000983 3.5502E+09 -4.8117E+07 -3.2364E+07
0000984 3.5502E+09 1.0875E+05 1.6338E+07
0000985 3.5502E+09 1.4149E+07 8.0069E+03
0000986 3.5502E+09 -2.4827E+07 -1.6634E+07
0000987 3.5502E+09 -1.2149E+07 -6.0882E+06
0000988 3.5502E+09 5.1494E+07 -6.1237E+06
0000989 3.5502E+09 -1.5984E+07 2.8396E+07
0000990 3.5502E+09 -5.3464E+06 -1.6120E+07
0000991 3.5502E+09 -4.9719E+06 -1.3899E+06
0000992 3.5502E+09 -6.6141E+06 -9.7639E+05
0000993 3.5502E+09 6.2762E+06 -1.4120E+06
0000994 3.5502E+09 1.4859E+07 -1.3946E+07
0000995 3.5502E+09 -4.7467E+06 -1.2612E+06
0000996 3.5502E+09 -3.3246E+07 7.2657E+06
0000997 3.5502E+09 -2.0310E+07 -1.7261E+07
0000998 3.5502E+09 -8.3989E+06 -2.2074E+07
0000999 3.5502E+09 -4.5274E+07 -6.6951E+07
0001000 3.5502E+09 -1.3447E+07 1.8446E+07
0001001 3.5502E+09 2.6556E+07 1.9211E+07
0001002 3.5502E+09 6.3535E+06 1.8186E+06
0001003 3.5502E+09 5.2926E+07 1.2510E+07
0001004 3.5502E+09 -1.9206E+07 -3.0259E+07
0001005 3.5502E+09 2.1032E+07 2.8272E+07
0001006 3.5502E+09 5.1824E+06 1.0553E+07
0001007 3.5502E+09 -1.6328E+07 -3.9118E+07
0001008 3.5502E+09 -4.3195E+07 -3.1858E+07
0001009 3.5502E+09 -8.8831E+06 -1.9154E+07
0001010 3.5502E+09 2.7459E+07 3.4330E+07
0001011 3.5502E+09 4.6669E+06 2.0755E+07
0001012 3.5502E+09 -7.6523E+06 2.8574E+07
0001013 3.5502E+09 -1.1964E+07 -5.1921E+06
0001014 3.5502E+09 1.5602E+07 1.3786E+07
0001015 3.5502E+09 6.6238E+06 -1.3066E+07
0001016 3.5502E+09 5.8675E+06 1.3459E+07
0001017 3.5502E+09 5.2589E+06 8.6840E+05
0001018 3.5502E+09 -3.0371E+05 4.0753E+06
0001019 3.5502E+09 3.1319E+07 1.5518E+07
0001020 3.5502E+09 -1.2605E+07 2.2509E+07
0001021 3.5502E+09 -1.8758E+07 3.6164E+07
0001022 3.5502E+09 -3.1023E+06 -9.1206E+06
0001023 3.5502E+09 2.0264E+07 -1.8331E+07
0001024 3.5502E+09 3.2989E+07 -1.5228E+07
0001025 3.5502E+09 -2.6779E+07 -2.1088E+07
0001026 3.5502E+09 -1.8735E+08 5.9285E+07
0001027 3.5502E+09 4.5246E+07 -6.0781E+07
0001028 3.5502E+09 1.5396E+05 3.5119E+07
0001029 3.5502E+09 -1.9533E+06 -1.0590E+07
0001030 3.5502E+09 -1.6395E+07 2.4766E+06
0001031 3.5502E+09 -1.6352E+07 3.5603E+07
0001032 3.5502E+09 -5.6582E+06 2.1418E+07
0001033 3.5502E+09 6.0615E+07 -5.1772E+06
0001034 3.5502E+09 -3.9344E+07 7.5345E+06
0001035 3.5502E+09 -2.2137E+07 1.0847E+07
0001036 3.5502E+09 2.4841E+07 7.9798E+06
0001037 3.5502E+09 -5.4658E+06 -2.3714E+07
0001038 3.5502E+09 -3.0169E+06 8.4725E+06
0001039 3.5502E+09 1.8589E+07 -2.2232E+07
0001040 3.5502E+09 -2.2146E+07 -3.6882E+06
0001041 3.5502E+09 6.6645E+06 -7.1717E+07
0001042 3.5502E+09 2.0272E+07 -1.1970E+07
0001043 3.5502E+09 -1.9597E+07 -3.5102E+06
0001044 3.5502E+09 -4.8406E+07 5.5724E+07
0001045 3.5502E+09 8.0717E+06 2.8487E+06
0001046 3.5502E+09 -1.2923E+07 -1.3162E+07
0001047 3.5502E+09 7.7569E+06 4.8807E+07
0001048 3.5502E+09 2.8417E+07 2.8110E+06
0001049 3.5502E+09 -2.7463E+07 3.6610E+07
0001050 3.5502E+09 -1.0809E+07 -2.5356E+07
0001051 3.5502E+09 1.7216E+07 9.2541E+06
0001052 3.5502E+09 -2.3685E+07 2.0192E+07
0001053 3.5502E+09 -4.5551E+06 5.3897E+06
0001054 3.5502E+09 1.6719E+07 3.8382E+07
0001055 3.5502E+09 1.3111E+07 1.2030E+07
0001056 3.5502E+09 3.2398E+07 2.9672E+06
0001057 3.5502E+09 -2.8710E+07 -1.8309E+07
0001058 3.5502E+09 1.9924E+06 3.4080E+06
0001059 3.5502E+09 -1.2085E+07 -3.0722E+07
0001060 3.5502E+09 -4.5185E+07 -4.4318E+07
0001061 3.5502E+09 -5.1735E+07 3.9531E+07
0001062 3.5502E+09 2.1332E+07 1.8172E+07
0001063 3.5502E+09 1.0833E+07 -7.4349E+07
0001064 3.5502E+09 4.8547E+07 1.8316E+07
0001065 3.5502E+09 5.1881E+05 2.0528E+06
0001066 3.5502E+09 -7.1296E+07 2.1929E+07
0001067 3.5502E+09 -1.4419E+07 2.4557E+07
0001068 3.5502E+09 -2.7063E+07 2.1898E+07
0001069 3.5502E+09 -2.5347E+06 5.4804E+07
0001070 3.5502E+09 -7.5631E+06 1.5727E+07
0001071 3.5502E+09 -2.9747E+07 5.0319E+07
0001072 3.5502E+09 -1.0805E+07 2.6182E+07
0001073 3.5502E+09 2.4598E+05 6.6099E+06
0001074 3.5502E+09 -9.0432E+06 -1.8841E+07
0001075 3.5502E+09 1.3052E+07 -1.8563E+07
0001076 3.5502E+09 2.4700E+07 1.0591E+07
0001077 3.5502E+09 7.9602E+06 9.4869E+06
0001078 3.5502E+09 1.5225E+08 -8.1633E+07
0001079 3.5502E+09 -5.9453E+06 1.0203E+07
0001080 3.5502E+09 -1.5841E+07 -1.9191E+07
0001081 3.5502E+09 -9.9418E+06 -1.2431E+07
0001082 3.5502E+09 -6.6466E+06 1.2414E+07
0001083 3.5502E+09 1.2875E+07 3.1840E+06
0001084 3.5502E+09 3.4073E+07 1.0476E+07
0001085 3.5502E+09 1.3553E+07 -6.5302E+06
0001086 3.5502E+09 1.1094E+08 -2.0014E+07
0001087 3.5502E+09 1.5132E+07 2.3123E+07
0001088 3.5502E+09 1.1062E+07 1.4366E+07
0001089 3.5502E+09 -8.0559E+06 1.0527E+06
0001090 3.5502E+09 -9.7533E+06 -1.6437E+07
0001091 3.5502E+09 7.9575E+07 8.0059E+05
0001092 3.5502E+09 -6.9573E+06 3.0090E+07
0001093 3.5502E+09 1.4122E+06 1.3146E+07
0001094 3.5502E+09 -1.8881E+06 -6.8514E+06
0001095 3.5502E+09 1.1752E+07 -1.1427E+07
0001096 3.5502E+09 5.7614E+06 -8.9665E+05
0001097 3.5502E+09 1.6579E+07 -3.1725E+07
0001098 3.5502E+09 1.1396E+07 -1.7037E+07
0001099 3.5502E+09 -3.2839E+07 -5.3876E+06
0001100 3.5502E+09 1.1197E+06 1.2238E+07
0001101 3.5502E+09 -9.5445E+06 7.5854E+06
0001102 3.5502E+09 -1.3409E+07 -1.8290E+07
0001103 3.5502E+09 1.4811E+06 2.1840E+06
0001104 3.5502E+09 -5.2754E+06 -3.5361E+07
0001105 3.5502E+09 2.1539E+07 -1.2113E+07
0001106 3.5502E+09 -4.4847E+06 -2.4438E+07
0001107 3.5502E+09 3.3899E+06 -4.3637E+06
0001108 3.5502E+09 3.4788E+06 -1.6598E+07
0001109 3.5502E+09 -7.5304E+06 3.2838E+07
0001110 3.5502E+09 2.4812E+07 3.9494E+06
0001111 3.5502E+09 6.0184E+06 2.5673E+07
0001112 3.5502E+09 -5.2069E+06 3.8118E+07
0001113 3.5502E+09 -1.1157E+07 -1.3225E+07
0001114 3.5502E+09 6.6134E+07 1.1997E+07
0001115 3.5502E+09 -6.8812E+06 4.4565E+06
0001116 3.5502E+09 -8.4151E+06 1.1386E+07
0001117 3.5502E+09 3.4089E+07 -3.1112E+06
0001118 3.5502E+09 -3.4273E+06 2.5341E+07
0001119 3.5502E+09 2.4784E+07 2.3494E+07
0001120 3.5502E+09 -3.6729E+07 -3.7172E+06
0001121 3.5502E+09 -1.4569E+07 3.1549E+06
0001122 3.5502E+09 -4.0814E+06 -1.7582E+07
0001123 3.5502E+09 -1.1284E+06 7.8586E+06
0001124 3.5502E+09 4.3690E+06 4.6046E+06
0001125 3.5502E+09 -1.0544E+07 -3.0704E+07
0001126 3.5502E+09 4.4900E+07 -4.0483E+06
0001127 3.5502E+09 -1.1609E+07 7.5356E+06
0001128 3.5502E+09 -2.0428E+07 2.9409E+06
0001129 3.5502E+09 -2.1979E+07 -1.0651E+07
0001130 3.5502E+09 8.2534E+05 -3.3547E+07
0001131 3.5502E+09 -8.2428E+06 -3.7912E+07
0001132 3.5502E+09 8.4365E+07 2.5906E+07
0001133 3.5502E+09 5.7191E+06 -7.9930E+06
0001134 3.5502E+09 1.4501E+07 -1.0638E+07
0001135 3.5502E+09 -1.3537E+07 -9.1340E+06
0001136 3.5502E+09 -1.0780E+07 3.7156E+07
0001137 3.5502E+09 -2.0070E+07 -3.3923E+06
0001138 3.5502E+09 -5.7759E+06 1.8155E+06
0001139 3.5502E+09 8.5768E+06 1.2227E+07
0001140 3.5502E+09 -4.8320E+06 -1.0875E+07
0001141 3.5502E+09 -1.5032E+06 -5.1941E+06
0001142 3.5502E+09 6.5007E+07 -1.9531E+07
0001143 3.5502E+09 2.1342E+07 8.7379E+06
0001144 3.5502E+09 1.6352E+07 2.1365E+07
0001145 3.5502E+09 6.9244E+06 -2.6335E+06
0001146 3.5502E+09 -4.3452E+06 -1.0185E+07
0001147 3.5502E+09 1.2168E+07 -2.6979E+07
0001148 3.5502E+09 2.5007E+07 2.3805E+07
0001149 3.5502E+09 -4.1809E+07 -8.6585E+06
0001150 3.5502E+09 -1.9358E+07 9.9547E+05
0001151 3.5502E+09 7.6468E+06 6.7655E+06
0001152 3.5502E+09 2.1384E+07 1.6309E+06
0001153 3.5502E+09 3.9999E+06 -3.7583E+07
0001154 3.5502E+09 2.2847E+07 4.1477E+07
0001155 3.5502E+09 -2.4245E+06 -2.9624E+05
0001156 3.5502E+09 1.8009E+07 2.6730E+07
0001157 3.5502E+09 1.5748E+07 -1.6857E+06
0001158 3.5502E+09 -2.3617E+07 1.5176E+07
0001159 3.5502E+09 1.9366E+07 4.2688E+06
0001160 3.5502E+09 4.3132E+07 -1.0626E+07
0001161 3.5502E+09 -3.7931E+06 1.8082E+07
0001162 3.5502E+09 -5.3155E+07 -1.4217E+07
0001163 3.5502E+09 -1.5332E+07 -1.1744E+07
0001164 3.5502E+09 -1.4654E+07 2.9952E+07
0001165 3.5502E+09 2.3846E+05 8.7249E+06
0001166 3.5502E+09 1.0722E+07 2.0555E+06
0001167 3.5502E+09 -2.7941E+07 -3.3206E+07
0001168 3.5502E+09 -2.0851E+06 1.2492E+07
0001169 3.5502E+09 1.2909E+07 -1.4144E+07
0001170 3.5502E+09 -3.2686E+06 -9.9056E+06
0001171 3.5502E+09 8.9612E+06 2.3993E+06
0001172 3.5502E+09 3.5881E+07 -1.7868E+07
0001173 3.5502E+09 -9.0698E+06 5.9738E+06
0001174 3.5502E+09 1.0461E+06 7.5658E+06
0001175 3.5502E+09 1.5753E+07 2.4878E+07
0001176 3.5502E+09 -2.7821E+06 2.4202E+07
0001177 3.5502E+09 -9.1676E+06 1.2159E+07
0001178 3.5502E+09 3.1509E+07 -1.3382E+07
0001179 3.5502E+09 -1.3693E+07 -2.9320E+07
0001180 3.5502E+09 -2.1815E+07 -6.9236E+06
0001181 3.5502E+09 3.3115E+07 -6.4037E+06
0001182 3.5502E+09 -1.1562E+07 -7.3545E+06
0001183 3.5502E+09 -1.0701E+07 1.9762E+06
0001184 3.5502E+09 1.2684E+07 6.6858E+05
0001185 3.5502E+09 -1.7466E+07 -1.6673E+07
0001186 3.5502E+09 9.4681E+06 2.8670E+07
0001187 3.5502E+09 2.2216E+06 1.2409E+07
0001188 3.5502E+09 -2.9356E+07 -2.0953E+06
0001189 3.5502E+09 6.8271E+07 5.0602E+07
0001190 3.5502E+09 -9.1199E+05 -3.2204E+07
0001191 3.5502E+09 3.2938E+07 8.4204E+06
0001192 3.5502E+09 1.5617E+07 -3.4725E+06
0001193 3.5502E+09 -8.9878E+06 1.1844E+07
0001194 3.5502E+09 -8.1888E+06 1.3022E+07
0001195 3.5502E+09 1.7956E+06 -3.9746E+07
0001196 3.5502E+09 -4.0601E+07 4.8302E+07
0001197 3.5502E+09 -6.1621E+06 -3.4669E+06
0001198 3.5502E+09 7.7888E+06 1.6331E+07
0001199 3.5502E+09 -1.4469E+07 8.4839E+05
0001200 3.5502E+09 2.7977E+07 1.2321E+07
0001201 3.5502E+09 -1.8911E+06 -1.4157E+07
0001202 3.5502E+09 8.1517E+06 -5.5451E+06
0001203 3.5502E+09 -6.3701E+07 -3.2199E+07
0001204 3.5502E+09 2.5258E+06 3.6774E+07
0001205 3.5502E+09 -2.4758E+07 1.9946E+07
0001206 3.5502E+09 -3.4065E+07 2.7260E+06
0001207 3.5502E+09 -3.4401E+07 -3.4975E+07
0001208 3.5502E+09 -6.2147E+06 -3.4061E+07
0001209 3.5502E+09 -1.2667E+07 2.6195E+07
0001210 3.5502E+09 -8.4381E+06 1.2062E+06
0001211 3.5502E+09 -2.8990E+07 -3.1037E+07
0001212 3.5502E+09 -3.6519E+07 -1.1637E+07
0001213 3.5502E+09 8.6113E+06 9.4518E+06
0001214 3.5502E+09 -8.4443E+06 -1.9707E+07
0001215 3.5502E+09 7.9238E+06 2.1802E+07
0001216 3.5502E+09 -7.0462E+06 -1.9602E+07
0001217 3.5502E+09 1.3497E+07 -5.5027E+07
0001218 3.5502E+09 -1.4551E+07 1.7389E+07
0001219 3.5502E+09 -1.0794E+07 1.3685E+06
0001220 3.5502E+09 -2.3253E+07 -1.1132E+07
0001221 3.5502E+09 -1.9376E+07 1.3564E+07
0001222 3.5502E+09 -1.2284E+07 -2.0734E+07
0001223 3.5502E+09 -2.8187E+06 -5.4567E+07
0001224 3.5502E+09 2.6855E+07 -1.1919E+07
0001225 3.5502E+09 1.8250E+07 5.7281E+06
0001226 3.5502E+09 -2.7688E+07 -6.0117E+06
0001227 3.5502E+09 -9.5701E+05 3.8179E+06
0001228 3.5502E+09 9.4029E+06 3.2147E+07
0001229 3.5502E+09 -3.3441E+06 9.3494E+06
0001230 3.5502E+09 1.3347E+07 -1.1107E+07
0001231 3.5502E+09 1.3234E+07 2.6188E+07
0001232 3.5502E+09 1.2675E+06 6.1291E+06
0001233 3.5502E+09 4.6143E+07 -5.5705E+06
0001234 3.5502E+09 1.4150E+07 7.7860E+06
0001235 3.5502E+09 -2.1625E+06 1.2323E+06
0001236 3.5502E+09 1.0201E+07 -1.0559E+07
0001237 3.5502E+09 -3.2568E+05 -2.5163E+07
0001238 3.5502E+09 -1.2141E+07 -1.7722E+07
0001239 3.5502E+09 1.4159E+07 2.9322E+07
0001240 3.5502E+09 9.6410E+06 2.7519E+06
0001241 3.5502E+09 -4.2039E+07 -2.6550E+06
0001242 3.5502E+09 -2.2442E+06 -5.8469E+06
0001243 3.5502E+09 -3.6393E+06 1.6290E+07
0001244 3.5502E+09 -1.5466E+07 -3.1813E+07
0001245 3.5502E+09 -4.4615E+06 1.3828E+07
0001246 3.5502E+09 -1.0286E+07 -7.6743E+06
0001247 3.5502E+09 1.8878E+07 -2.5407E+07
0001248 3.5502E+09 -6.6636E+07 -5.0049E+06
0001249 3.5502E+09 -1.8295E+05 -1.0429E+07
0001250 3.5502E+09 1.2542E+07 2.6094E+07
0001251 3.5502E+09 -1.2536E+06 1.0950E+08
0001252 3.5502E+09 8.2168E+06 -3.9406E+06
0001253 3.5502E+09 1.2507E+07 5.2252E+06
0001254 3.5502E+09 1.0669E+07 1.8854E+07
0001255 3.5502E+09 -4.8572E+05 1.7057E+07
0001256 3.5502E+09 1.2363E+07 6.6308E+06
0001257 3.5502E+09 -1.1613E+07 3.4806E+06
0001258 3.5502E+09 5.4580E+06 -2.5805E+07
0001259 3.5502E+09 3.0219E+07 1.8604E+07
0001260 3.5502E+09 7.0108E+04 7.5607E+06
0001261 3.5502E+09 3.8691E+06 -4.3119E+07
0001262 3.5502E+09 -4.8146E+07 -2.4767E+07
0001263 3.5502E+09 -3.5385E+07 -1.8951E+07
0001264 3.5502E+09 1.7515E+07 -2.1907E+07
0001265 3.5502E+09 -1.6286E+07 9.9866E+06
0001266 3.5502E+09 -3.0733E+06 -1.6788E+07
0001267 3.5502E+09 -1.9353E+06 1.5305E+07
0001268 3.5502E+09 7.8946E+06 1.2369E+07
0001269 3.5502E+09 3.2244E+07 -5.8082E+06
0001270 3.5502E+09 -6.9406E+07 1.7045E+07
0001271 3.5502E+09 1.4705E+07 -1.1218E+05
0001272 3.5502E+09 2.4973E+07 1.9309E+07
0001273 3.5502E+09 3.8983E+06 -5.8016E+06
0001274 3.5502E+09 -5.5739E+05 -1.1070E+07
0001275 3.5502E+09 2.2277E+06 9.4320E+05
0001276 3.5502E+09 6.9271E+06 -1.9687E+07
0001277 3.5502E+09 -3.3409E+06 -9.4110E+06
0001278 3.5502E+09 1.7240E+06 -1.1916E+07
0001279 3.5502E+09 -1.3978E+07 5.0093E+06
0001280 3.5502E+09 -6.9366E+05 -8.8592E+06
0001281 3.5502E+09 -1.7922E+06 5.2133E+07
0001282 3.5502E+09 -1.3890E+07 -1.5849E+07
0001283 3.5502E+09 2.1035E+07 -7.6679E+06
0001284 3.5502E+09 -2.5552E+07 5.0263E+06
0001285 3.5502E+09 -1.5628E+05 5.6491E+06
0001286 3.5502E+09 8.2676E+06 2.0321E+07
0001287 3.5502E+09 1.5215E+07 4.3563E+05
0001288 3.5502E+09 -1.9272E+07 1.1332E+07
0001289 3.5502E+09 2.3257E+07 5.6373E+07
0001290 3.5502E+09 1.1652E+07 -2.6260E+07
0001291 3.5502E+09 5.0532E+06 1.7696E+06
0001292 3.5502E+09 1.6971E+07 1.4986E+07
0001293 3.5502E+09 4.1543E+05 7.9598E+05
0001294 3.5502E+09 1.5190E+05 -1.8316E+07
0001295 3.5502E+09 -3.1890E+07 -7.9712E+06
0001296 3.5502E+09 -1.5573E+07 -3.8865E+07
0001297 3.5502E+09 5.9906E+06 2.3016E+07
0001298 3.5502E+09 -7.1091E+06 -6.0377E+06
0001299 3.5502E+09 1.3149E+07 1.0644E+07
0001300 3.5502E+09 2.6516E+07 -9.4807E+06
0001301 3.5502E+09 -5.6380E+07 4.1222E+07
0001302 3.5502E+09 1.6685E+07 1.0737E+07
0001303 3.5502E+09 -2.7049E+07 -2.2225E+07
0001304 3.5502E+09 1.4192E+08 -2.9819E+08
0001305 3.5502E+09 3.0552E+07 2.5476E+07
0001306 3.5502E+09 2.0357E+07 1.8793E+07
0001307 3.5502E+09 5.0955E+05 -7.1561E+04
0001308 3.5502E+09 -8.8750E+06 -2.5914E+07
0001309 3.5502E+09 -1.0566E+07 -7.9077E+06
0001310 3.5502E+09 1.0578E+07 1.2926E+07
0001311 3.5502E+09 -1.7164E+06 -2.1126E+07
0001312 3.5502E+09 2.1237E+06 7.5609E+04
0001313 3.5502E+09 -3.3221E+07 -8.3137E+06
0001314 3.5502E+09 1.2604E+07 5.5009E+06
0001315 3.5502E+09 1.9036E+07 -1.7170E+07
0001316 3.5502E+09 -2.1659E+07 -1.0712E+07
0001317 3.5502E+09 2.6558E+07 -1.1054E+07
0001318 3.5502E+09 1.8686E+07 2.0446E+07
0001319 3.5502E+09 -1.6406E+06 -9.0572E+06
0001320 3.5502E+09 -4.2845E+07 2.3461E+07
0001321 3.5502E+09 -3.0675E+07 1.3687E+06
0001322 3.5502E+09 -2.5894E+06 1.3362E+06
0001323 3.5502E+09 1.2143E+07 -3.8897E+07
0001324 3.5502E+09 6.6882E+06 -1.5625E+07
0001325 3.5502E+09 -1.8580E+07 -2.2957E+07
0001326 3.5502E+09 -2.9048E+07 4.3264E+06
0001327 3.5502E+09 1.4502E+07 6.7337E+06
0001328 3.5502E+09 -4.4928E+07 -3.0076E+07
0001329 3.5502E+09 1.0976E+07 -6.9876E+06
0001330 3.5502E+09 -2.0680E+07 -1.8581E+07
0001331 3.5502E+09 8.9364E+06 1.8109E+05
0001332 3.5502E+09 7.7297E+06 -1.7433E+06
0001333 3.5502E+09 1.0683E+06 -2.4891E+07
0001334 3.5502E+09 8.1120E+07 -1.0473E+07
0001335 3.5502E+09 -2.2736E+07 2.2841E+06
0001336 3.5502E+09 9.7612E+06 -1.7514E+07
0001337 3.5502E+09 -2.8782E+07 4.2064E+07
0001338 3.5502E+09 -1.9913E+07 -5.4691E+06
0001339 3.5502E+09 -5.8743E+06 -2.9359E+06
0001340 3.5502E+09 -1.8989E+07 2.0557E+07
0001341 3.5502E+09 4.8229E+06 -2.2005E+07
0001342 3.5502E+09 1.0537E+07 -1.2326E+07
0001343 3.5502E+09 -7.0772E+05 8.0492E+06
0001344 3.5502E+09 3.6597E+07 2.4561E+07
0001345 3.5502E+09 9.1452E+05 1.1801E+07
0001346 3.5502E+09 6.8961E+06 -9.0660E+06
0001347 3.5502E+09 1.7417E+07 6.6084E+06
0001348 3.5502E+09 7.5645E+06 2.6051E+07
0001349 3.5502E+09 -4.5629E+06 2.0004E+06
0001350 3.5502E+09 -1.0748E+07 1.1834E+07
0001351 3.5502E+09 7.6499E+06 1.6471E+07
0001352 3.5502E+09 -1.0558E+07 -1.2017E+07
0001353 3.5502E+09 1.8709E+08 2.3430E+08
0001354 3.5502E+09 -1.7088E+07 -1.5982E+06
0001355 3.5502E+09 5.6690E+06 3.5244E+06
0001356 3.5502E+09 1.5919E+07 -1.3247E+07
0001357 3.5502E+09 4.4072E+07 7.7155E+07
0001358 3.5502E+09 -1.9805E+07 4.4782E+06
0001359 3.5502E+09 1.5755E+07 -1.3980E+07
0001360 3.5502E+09 -1.2366E+07 7.4213E+06
0001361 3.5502E+09 2.3727E+07 5.2419E+06
0001362 3.5502E+09 1.0385E+07 -1.9635E+07
0001363 3.5502E+09 -3.4625E+06 3.8071E+07
0001364 3.5502E+09 1.1214E+07 -1.4176E+06
0001365 3.5502E+09 -2.6191E+07 1.2715E+07
0001366 3.5502E+09 -1.7433E+06 -4.7588E+07
0001367 3.5502E+09 9.2892E+06 -1.0776E+07
0001368 3.5502E+09 -1.7017E+07 1.1707E+06
0001369 3.5502E+09 -1.2815E+07 5.4977E+06
0001370 3.5502E+09 -4.9349E+06 -1.0957E+07
0001371 3.5502E+09 -7.7201E+06 1.2684E+06
0001372 3.5502E+09 -1.0994E+07 1.3840E+07
0001373 3.5502E+09 9.2847E+06 2.5303E+07
0001374 3.5502E+09 3.1937E+06 2.8414E+06
0001375 3.5502E+09 1.6290E+07 1.8539E+07
0001376 3.5502E+09 9.3837E+06 -2.0960E+07
0001377 3.5502E+09 6.5901E+06 1.1560E+06
0001378 3.5502E+09 -2.2743E+07 -4.1478E+07
0001379 3.5502E+09 -1.8026E+07 1.9202E+07
0001380 3.5502E+09 3.4831E+07 -1.0621E+07
0001381 3.5502E+09 -2.3378E+07 2.2763E+07
0001382 3.5502E+09 -2.2418E+07 -1.0025E+07
0001383 3.5502E+09 -9.1691E+06 -3.0897E+07
0001384 3.5502E+09 -5.5337E+06 -2.7131E+07
0001385 3.5502E+09 1.6399E+07 3.1716E+07
0001386 3.5502E+09 7.2491E+06 -1.3648E+07
0001387 3.5502E+09 2.4968E+07 8.9868E+06
0001388 3.5502E+09 1.1169E+07 7.8142E+05
0001389 3.5502E+09 -6.3893E+06 -4.3900E+06
0001390 3.5502E+09 -1.9406E+07 -1.8977E+07
0001391 3.5502E+09 2.0266E+07 -2.0129E+06
0001392 3.5502E+09 1.9512E+07 4.5193E+07
0001393 3.5502E+09 -1.6313E+06 4.3517E+07
0001394 3.5502E+09 -1.2122E+07 2.2505E+07
0001395 3.5502E+09 -2.1369E+07 1.2950E+07
0001396 3.5502E+09 -2.9873E+07 4.7017E+07
0001397 3.5502E+09 -1.2169E+07 -2.0899E+06
0001398 3.5502E+09 5.3186E+06 -1.1700E+07
0001399 3.5502E+09 -2.7322E+06 3.3935E+07
0001400 3.5502E+09 -1.0022E+07 -3.7719E+05
0001401 3.5502E+09 -1.2320E+07 3.3374E+07
0001402 3.5502E+09 -1.8013E+07 -9.3930E+06
0001403 3.5502E+09 -7.8926E+06 -1.3713E+07
0001404 3.5502E+09 -1.9484E+07 1.4674E+07
0001405 3.5502E+09 3.2799E+07 -2.3555E+06
0001406 3.5502E+09 -2.1836E+07 -4.0234E+06
0001407 3.5502E+09 -1.5056E+06 -9.8878E+06
0001408 3.5502E+09 -1.1427E+08 -1.0654E+08
0001409 3.5502E+09 -1.1417E+07 2.0195E+06
0001410 3.5502E+09 -3.3525E+07 -8.5241E+06
0001411 3.5502E+09 -2.5207E+08 2.0671E+08
0001412 3.5502E+09 7.5699E+06 -2.3006E+06
0001413 3.5502E+09 1.5600E+06 -4.7028E+06
0001414 3.5502E+09 4.1648E+06 7.9813E+06
0001415 3.5502E+09 1.0394E+07 -1.5053E+07
0001416 3.5502E+09 -5.2361E+05 -9.4549E+06
0001417 3.5502E+09 -6.9603E+06 1.8678E+07
0001418 3.5502E+09 -5.3119E+07 4.8013E+06
0001419 3.5502E+09 1.4162E+07 -1.3657E+07
0001420 3.5502E+09 -2.2464E+07 -3.3601E+06
0001421 3.5502E+09 1.9866E+07 3.0638E+07
0001422 3.5502E+09 -2.3107E+07 -8.6060E+06
0001423 3.5502E+09 -3.3654E+07 4.3817E+06
0001424 3.5502E+09 2.1445E+06 -1.2101E+07
0001425 3.5502E+09 1.0884E+07 8.5954E+06
0001426 3.5502E+09 -1.0805E+07 9.4658E+06
0001427 3.5502E+09 1.9837E+07 1.6643E+07
0001428 3.5502E+09 5.9592E+07 7.1265E+06
0001429 3.5502E+09 1.4126E+07 -1.0223E+07
0001430 3.5502E+09 -5.0268E+06 -1.7049E+06
0001431 3.5502E+09 -9.4454E+06 -2.5521E+06
0001432 3.5502E+09 1.3566E+07 -8.7912E+06
0001433 3.5502E+09 -1.5253E+07 -8.1542E+04
0001434 3.5502E+09 1.2001E+07 4.8874E+07
0001435 3.5502E+09 1.4470E+07 -5.0549E+06
0001436 3.5502E+09 2.8219E+07 8.7389E+06
0001437 3.5502E+09 3.9348E+07 2.5688E+07
0001438 3.5502E+09 -3.2879E+06 -1.8973E+07
0001439 3.5502E+09 -3.3855E+07 -4.6880E+07
0001440 3.5502E+09 5.7589E+06 9.8683E+06
0001441 3.5502E+09 -1.4222E+08 -1.0701E+08
0001442 3.5502E+09 -1.2076E+06 2.3337E+06
0001443 3.5502E+09 2.3487E+07 -2.8861E+07
0001444 3.5502E+09 -2.1148E+07 5.9325E+06
0001445 3.5502E+09 -1.7265E+07 3.4724E+07
0001446 3.5502E+09 -5.6788E+07 -3.0276E+07
0001447 3.5502E+09 1.3372E+07 -1.2863E+07
0001448 3.5502E+09 -2.1767E+07 1.0986E+07
0001449 3.5502E+09 -1.2428E+07 1.6404E+07
0001450 3.5502E+09 1.9655E+07 -1.7589E+07
0001451 3.5502E+09 7.9206E+06 2.3092E+07
0001452 3.5502E+09 3.9363E+06 1.0992E+07
0001453 3.5502E+09 -2.3881E+07 -9.8654E+06
0001454 3.5502E+09 -4.0162E+07 4.8183E+06
0001455 3.5502E+09 -1.8295E+07 2.5258E+07
0001456 3.5502E+09 -3.2022E+07 -4.9836E+06
0001457 3.5502E+09 -7.2144E+06 4.1446E+06
0001458 3.5502E+09 -5.2709E+06 6.4983E+06
0001459 3.5502E+09 3.3265E+06 1.1424E+07
0001460 3.5502E+09 -2.3332E+07 1.2141E+07
0001461 3.5502E+09 -4.3810E+06 -1.1384E+07
0001462 3.5502E+09 4.1267E+07 1.1473E+07
0001463 3.5502E+09 1.4619E+07 -4.9098E+07
0001464 3.5502E+09 -9.1606E+06 1.7278E+07
0001465 3.5502E+09 1.1026E+07 2.3229E+07
0001466 3.5502E+09 1.1663E+07 -1.2657E+07
0001467 3.5502E+09 -2.3200E+07 -1.2743E+07
0001468 3.5502E+09 7.1130E+07 4.4378E+07
0001469 3.5502E+09 3.1906E+05 4.9857E+06
0001470 3.5502E+09 -8.2304E+06 2.8604E+07
0001471 3.5502E+09 -4.1894E+06 -8.9935E+06
0001472 3.5502E+09 -5.5624E+06 -2.8602E+07
0001473 3.5502E+09 -1.1544E+07 -3.0061E+07
0001474 3.5502E+09 -2.1332E+07 9.4669E+04
0001475 3.5502E+09 5.0460E+06 1.5596E+06
0001476 3.5502E+09 -1.4672E+06 -5.7170E+07
0001477 3.5502E+09 7.0761E+06 -3.1314E+07
0001478 3.5502E+09 -1.0195E+07 1.1745E+07
0001479 3.5502E+09 4.3711E+07 1.0060E+07
0001480 3.5502E+09 1.5009E+07 2.5826E+07
0001481 3.5502E+09 8.8284E+05 1.6062E+07
0001482 3.5502E+09 -4.6116E+07 -1.0602E+08
0001483 3.5502E+09 6.3142E+06 9.8927E+06
0001484 3.5502E+09 3.9746E+06 1.7251E+07
0001485 3.5502E+09 2.7538E+06 -9.3506E+06
0001486 3.5502E+09 -1.0783E+07 4.1189E+06
0001487 3.5502E+09 -6.1428E+06 -1.5240E+07
0001488 3.5502E+09 2.4034E+07 -2.1193E+07
0001489 3.5502E+09 1.6722E+07 -2.8746E+06
0001490 3.5502E+09 -2.2603E+07 -2.7508E+06
0001491 3.5502E+09 1.4151E+07 -1.9076E+06
0001492 3.5502E+09 6.6363E+06 -1.5854E+06
0001493 3.5502E+09 4.5868E+06 3.4427E+06
0001494 3.5502E+09 -2.5799E+06 1.0262E+07
0001495 3.5502E+09 -3.3711E+05 3.0142E+07
0001496 3.5502E+09 7.7876E+06 -1.7097E+07
0001497 3.5502E+09 1.6170E+07 1.1235E+07
0001498 3.5502E+09 1.3948E+07 8.7810E+05
0001499 3.5502E+09 1.3391E+07 -5.6090E+06
0001500 3.5502E+09 1.8985E+07 -2.5923E+07
0001501 3.5502E+09 -1.2201E+07 2.2109E+07
0001502 3.5502E+09 9.4518E+06 1.8592E+07
0001503 3.5502E+09 9.8082E+06 -2.2757E+07
0001504 3.5502E+09 1.6384E+07 -2.3200E+07
0001505 3.5502E+09 -2.1460E+07 3.7999E+06
0001506 3.5502E+09 1.2617E+07 2.3232E+07
0001507 3.5502E+09 8.1612E+06 -1.5899E+07
0001508 3.5502E+09 -7.9151E+06 -5.5456E+06
0001509 3.5502E+09 -6.1378E+06 1.7836E+07
0001510 3.5502E+09 -1.0695E+07 -1.9013E+07
0001511 3.5502E+09 -3.0953E+07 -1.4154E+05
0001512 3.5502E+09 -1.7835E+07 1.4252E+07
0001513 3.5502E+09 3.3779E+07 2.8842E+06
0001514 3.5502E+09 6.1158E+06 1.7091E+07
0001515 3.5502E+09 2.9812E+07 8.8021E+05
0001516 3.5502E+09 -2.0522E+07 1.6243E+07
0001517 3.5502E+09 -2.3947E+07 -5.8091E+06
0001518 3.5502E+09 3.0440E+07 -1.1046E+07
0001519 3.5502E+09 5.7176E+06 -5.3533E+07
0001520 3.5502E+09 -1.3259E+07 -3.6943E+06
0001521 3.5502E+09 4.9233E+06 -2.4639E+07
0001522 3.5502E+09 2.8328E+07 6.8685E+06
0001523 3.5502E+09 1.2036E+07 4.6054E+06
0001524 3.5502E+09 -5.9698E+07 3.3115E+07
0001525 3.5502E+09 -1.4358E+07 2.3090E+07
0001526 3.5502E+09 6.1901E+06 3.0672E+06
0001527 3.5502E+09 -8.2637E+06 -5.5969E+06
0001528 3.5502E+09 7.8792E+06 3.1850E+07
0001529 3.5502E+09 -1.0388E+07 3.7065E+07
0001530 3.5502E+09 8.3145E+06 1.9685E+07
0001531 3.5502E+09 -2.6074E+07 -6.1619E+06
0001532 3.5502E+09 -4.8303E+06 3.8137E+06
0001533 3.5502E+09 -1.1088E+07 -1.8759E+07
0001534 3.5502E+09 -4.2531E+07 1.7359E+07
0001535 3.5502E+09 -6.7160E+06 -1.5145E+07
0001536 3.5502E+09 7.0649E+06 -6.1429E+06
0001537 3.5502E+09 1.0776E+07 -2.1382E+07
0001538 3.5502E+09 5.4164E+07 -2.9430E+07
0001539 3.5502E+09 2.2525E+07 -2.4797E+06
0001540 3.5502E+09 6.2038E+06 -1.5920E+07
0001541 3.5502E+09 -8.3258E+06 -1.0717E+07
0001542 3.5502E+09 -1.5366E+07 3.3502E+05
0001543 3.5502E+09 2.5799E+07 -2.5406E+07
0001544 3.5502E+09 -4.5649E+07 -1.8241E+07
0001545 3.5502E+09 -1.5913E+07 1.2912E+07
0001546 3.5502E+09 1.9206E+07 1.0235E+06
0001547 3.5502E+09 5.9628E+06 -1.8357E+07
0001548 3.5502E+09 2.7010E+06 3.0740E+07
0001549 3.5502E+09 -5.1926E+06 -1.9469E+07
0001550 3.5502E+09 1.1854E+07 6.3064E+06
0001551 3.5502E+09 4.5643E+06 1.5017E+07
0001552 3.5502E+09 -1.2015E+06 3.2263E+06
0001553 3.5502E+09 -3.9210E+07 1.3829E+06
0001554 3.5502E+09 -8.7323E+07 2.8218E+07
0001555 3.5502E+09 8.6697E+06 2.5463E+07
0001556 3.5502E+09 -5.4916E+07 5.0032E+07
0001557 3.5502E+09 2.2551E+07 -7.2731E+06
0001558 3.5502E+09 -2.7811E+06 -3.5463E+06
0001559 3.5502E+09 2.7740E+07 -3.6932E+07
0001560 3.5502E+09 -1.7634E+07 -2.3150E+07
0001561 3.5502E+09 -5.7028E+06 4.6404E+06
0001562 3.5502E+09 -1.0493E+07 -4.8905E+07
0001563 3.5502E+09 1.6035E+07 -4.2631E+06
0001564 3.5502E+09 -5.5786E+06 1.8601E+06
0001565 3.5502E+09 6.3445E+06 1.4100E+07
0001566 3.5502E+09 5.0856E+06 9.6779E+06
0001567 3.5502E+09 -4.8935E+07 -9.8850E+06
0001568 3.5502E+09 5.9206E+06 -9.5404E+05
0001569 3.5502E+09 8.8889E+06 -4.0665E+07
0001570 3.5502E+09 3.6738E+07 9.4436E+06
0001571 3.5502E+09 1.3779E+07 1.6870E+07
0001572 3.5502E+09 3.7919E+06 1.1543E+07
0001573 3.5502E+09 -3.6714E+06 -3.8990E+05
0001574 3.5502E+09 7.5116E+06 -6.4439E+06
0001575 3.5502E+09 -1.4209E+07 2.3800E+06
0001576 3.5502E+09 -7.0930E+06 -2.0003E+07
0001577 3.5502E+09 -1.4739E+07 -8.5739E+06
0001578 3.5502E+09 2.1341E+07 -3.5767E+07
0001579 3.5502E+09 -2.2944E+07 1.4505E+07
0001580 3.5502E+09 5.0121E+07 -4.6443E+07
0001581 3.5502E+09 -3.0280E+07 1.6133E+07
0001582 3.5502E+09 -4.5365E+07 1.1605E+08
0001583 3.5502E+09 1.1967E+07 7.5502E+06
0001584 3.5502E+09 8.9705E+06 -4.8998E+06
0001585 3.5502E+09 -6.8002E+06 1.2544E+07
0001586 3.5502E+09 -2.5494E+07 3.0284E+07
0001587 3.5502E+09 -1.4977E+07 4.2409E+07
0001588 3.5502E+09 1.0999E+06 -7.7796E+06
0001589 3.5502E+09 2.8151E+07 -2.9757E+07
0001590 3.5502E+09 -3.3861E+06 -8.3710E+06
0001591 3.5502E+09 3.6927E+06 -3.0548E+07
0001592 3.5502E+09 1.0975E+07 1.9116E+07
0001593 3.5502E+09 -4.1413E+07 -7.7844E+06
0001594 3.5502E+09 1.9937E+07 -1.9044E+07
0001595 3.5502E+09 2.9924E+06 1.0956E+07
0001596 3.5502E+09 -1.8058E+07 1.7264E+07
0001597 3.5502E+09 1.0156E+06 -1.6069E+07
0001598 3.5502E+09 4.0745E+07 -2.2385E+07
0001599 3.5502E+09 -6.4653E+06 1.9663E+06
0001600 3.5502E+09 1.2571E+07 -1.2769E+07
0001601 3.5502E+09 1.7784E+07 -9.7318E+06
0001602 3.5502E+09 -1.6984E+07 2.3506E+07
0001603 3.5502E+09 -2.6653E+07 -1.9926E+06
0001604 3.5502E+09 -7.6416E+06 4.1493E+07
0001605 3.5502E+09 -6.5587E+07 1.2404E+08
0001606 3.5502E+09 -1.2246E+07 -5.0785E+06
0001607 3.5502E+09 -7.3382E+06 -1.5470E+06
0001608 3.5502E+09 -7.4817E+07 6.4904E+07
0001609 3.5502E+09 2.2063E+06 -1.3574E+07
0001610 3.5502E+09 2.8818E+06 -2.7813E+07
0001611 3.5502E+09 1.4369E+06 -4.1727E+06
0001612 3.5502E+09 1.4290E+06 4.6725E+07
0001613 3.5502E+09 -2.0691E+07 1.9608E+07
0001614 3.5502E+09 3.3753E+07 -9.7210E+05
0001615 3.5502E+09 1.8421E+07 1.8791E+07
0001616 3.5502E+09 -1.0857E+07 1.9789E+07
0001617 3.5502E+09 -1.8285E+08 -9.8209E+07
0001618 3.5502E+09 -3.9583E+07 -2.5502E+07
0001619 3.5502E+09 -1.1462E+06 -1.8386E+07
0001620 3.5502E+09 6.6796E+06 8.1199E+06
0001621 3.5502E+09 2.8508E+06 -3.0330E+06
0001622 3.5502E+09 -4.9209E+06 3.2082E+07
0001623 3.5502E+09 -2.6594E+07 -1.0595E+07
0001624 3.5502E+09 8.4993E+06 9.4358E+05
0001625 3.5502E+09 -1.6562E+07 -6.9965E+06
0001626 3.5502E+09 -3.1342E+07 -2.2769E+07
0001627 3.5502E+09 1.1826E+07 -1.2203E+07
0001628 3.5502E+09 2.2977E+08 -1.5023E+07
0001629 3.5502E+09 6.2397E+06 -3.4090E+07
0001630 3.5502E+09 -2.8620E+06 3.3856E+07
0001631 3.5502E+09 1.1899E+07 -2.1773E+07
0001632 3.5502E+09 1.0440E+07 1.4984E+06
0001633 3.5502E+09 4.4931E+07 -2.9233E+07
0001634 3.5502E+09 -3.5001E+06 -3.7296E+07
0001635 3.5502E+09 6.7098E+06 -1.7170E+07
0001636 3.5502E+09 -6.5984E+06 -7.2526E+06
0001637 3.5502E+09 5.2930E+05 2.4070E+07
0001638 3.5502E+09 -6.3682E+06 2.3172E+07
0001639 3.5502E+09 1.8980E+07 1.5043E+07
0001640 3.5502E+09 -2.1881E+07 4.7644E+06
0001641 3.5502E+09 -4.3834E+07 -2.0126E+07
0001642 3.5502E+09 -2.6564E+07 1.5994E+07
0001643 3.5502E+09 -2.3900E+07 -2.0208E+07
0001644 3.5502E+09 2.5659E+07 -2.9773E+07
0001645 3.5502E+09 3.2283E+06 1.5129E+07
0001646 3.5502E+09 4.8646E+05 -7.2235E+06
0001647 3.5502E+09 9.8963E+05 2.1917E+07
0001648 3.5502E+09 9.2030E+06 2.5759E+07
0001649 3.5502E+09 -2.9117E+06 7.9191E+06
0001650 3.5502E+09 1.5772E+07 2.8244E+07
0001651 3.5502E+09 8.3689E+07 4.8148E+07
0001652 3.5502E+09 -4.4456E+06 9.2064E+06
0001653 3.5502E+09 2.2497E+07 -4.3605E+06
0001654 3.5502E+09 -1.3366E+06 3.4268E+06
0001655 3.5502E+09 6.3219E+06 1.9978E+06
0001656 3.5502E+09 -1.1933E+07 -9.2583E+06
0001657 3.5502E+09 2.8036E+07 -3.9146E+06
0001658 3.5502E+09 9.8350E+06 -7.2533E+06
0001659 3.5502E+09 1.6667E+07 -8.5581E+06
0001660 3.5502E+09 6.3660E+06 8.0304E+06
0001661 3.5502E+09 -1.6020E+07 -1.0678E+07
0001662 3.5502E+09 1.0744E+07 -1.6843E+07
0001663 3.5502E+09 -3.1215E+07 8.4061E+06
0001664 3.5502E+09 -1.9689E+06 -6.3537E+06
0001665 3.5502E+09 -3.2117E+06 6.6496E+06
0001666 3.5502E+09 -3.4243E+06 7.2614E+06
0001667 3.5502E+09 2.5526E+07 -1.2411E+07
0001668 3.5502E+09 7.4915E+06 -4.2508E+06
0001669 3.5502E+09 -1.1405E+07 4.8234E+07
0001670 3.5502E+09 2.0984E+07 2.2172E+07
0001671 3.5502E+09 -9.9333E+06 2.8607E+07
0001672 3.5502E+09 1.3693E+06 2.8468E+07
0001673 3.5502E+09 -1.9294E+07 -1.0728E+06
0001674 3.5502E+09 -1.5352E+07 6.3955E+06
0001675 3.5502E+09 7.0727E+06 -6.9921E+06
0001676 3.5502E+09 -2.3222E+07 3.3731E+05
0001677 3.5502E+09 1.0784E+07 -7.3292E+06
0001678 3.5502E+09 -7.2480E+06 -4.0133E+06
0001679 3.5502E+09 2.5853E+07 -1.8065E+07
0001680 3.5502E+09 1.1052E+07 1.5834E+07
0001681 3.5502E+09 -3.7044E+06 -1.7047E+06
0001682 3.5502E+09 6.7487E+06 6.1040E+06
0001683 3.5502E+09 1.4176E+06 7.5328E+07
0001684 3.5502E+09 -1.9869E+07 -7.9998E+06
0001685 3.5502E+09 -4.0009E+07 -1.7654E+06
0001686 3.5502E+09 6.7889E+06 -2.7982E+06
0001687 3.5502E+09 2.0479E+07 5.6363E+06
0001688 3.5502E+09 1.0099E+07 -1.0198E+07
0001689 3.5502E+09 7.7138E+06 -1.7415E+07
0001690 3.5502E+09 5.9959E+06 -8.9134E+06
0001691 3.5502E+09 -3.0391E+07 -2.8252E+07
0001692 3.5502E+09 2.9417E+07 -7.5510E+06
0001693 3.5502E+09 -6.1979E+06 -1.3799E+07
0001694 3.5502E+09 4.5560E+07 2.9292E+07
0001695 3.5502E+09 4.8075E+07 -2.1460E+06
0001696 3.5502E+09 -2.7590E+07 2.4833E+07
0001697 3.5502E+09 2.6145E+06 -2.3139E+06
0001698 3.5502E+09 6.3556E+06 1.7499E+07
0001699 3.5502E+09 -7.8815E+06 -1.4885E+07
0001700 3.5502E+09 2.3848E+07 3.0730E+07
0001701 3.5502E+09 2.1430E+07 -2.0764E+07
0001702 3.5502E+09 2.1195E+06 -1.7545E+07
0001703 3.5502E+09 1.8397E+05 1.3646E+07
0001704 3.5502E+09 -2.6227E+07 1.8115E+07
0001705 3.5502E+09 -9.5044E+06 3.5448E+07
0001706 3.5502E+09 5.9961E+06 -2.7722E+07
0001707 3.5502E+09 8.0616E+07 1.6359E+07
0001708 3.5502E+09 -6.6091E+06 -1.3898E+07
0001709 3.5502E+09 -2.0838E+07 2.1586E+07
0001710 3.5502E+09 1.2233E+07 1.0694E+07
0001711 3.5502E+09 8.9027E+06 -1.1984E+07
0001712 3.5502E+09 1.0644E+07 -2.3306E+07
0001713 3.5502E+09 7.1163E+06 3.5890E+06
0001714 3.5502E+09 -3.2099E+07 2.3726E+07
0001715 3.5502E+09 -1.9035E+07 -8.0171E+06
0001716 3.5502E+09 -1.0596E+07 1.4187E+07
0001717 3.5502E+09 -2.9175E+07 -1.8135E+07
0001718 3.5502E+09 -7.8195E+06 8.3076E+06
0001719 3.5502E+09 3.5591E+06 1.4166E+07
0001720 3.5502E+09 1.1862E+07 -1.2049E+07
0001721 3.5502E+09 4.0902E+06 1.7212E+07
0001722 3.5502E+09 3.1689E+07 -1.1485E+07
0001723 3.5502E+09 -3.9416E+07 6.5568E+06
0001724 3.5502E+09 2.4429E+06 -5.3296E+06
0001725 3.5502E+09 6.7313E+05 2.5035E+07
0001726 3.5502E+09 4.4145E+06 2.1660E+07
0001727 3.5502E+09 5.9447E+07 -4.0517E+07
0001728 3.5502E+09 1.0554E+07 1.7468E+07
0001729 3.5502E+09 -1.5613E+07 -6.0541E+06
0001730 3.5502E+09 2.6321E+07 2.2394E+06
0001731 3.5502E+09 -1.5533E+07 -6.3092E+06
0001732 3.5502E+09 1.0158E+07 2.4494E+06
0001733 3.5502E+09 2.4913E+07 4.7970E+07
0001734 3.5502E+09 -3.2110E+07 -1.2053E+07
0001735 3.5502E+09 3.1762E+06 -7.3226E+06
0001736 3.5502E+09 2.5357E+07 -1.6996E+07
0001737 3.5502E+09 3.1647E+07 -1.7668E+07
0001738 3.5502E+09 -1.2296E+07 8.9845E+06
0001739 3.5502E+09 1.9631E+07 2.0111E+07
0001740 3.5502E+09 1.1179E+07 -8.5292E+06
0001741 3.5502E+09 -6.8858E+06 -1.2008E+07
0001742 3.5502E+09 8.3869E+06 -2.9039E+07
0001743 3.5502E+09 4.8251E+06 3.3175E+07
0001744 3.5502E+09 6.4578E+07 -1.9423E+07
0001745 3.5502E+09 -3.9675E+07 6.1938E+05
0001746 3.5502E+09 5.6084E+06 -1.4469E+07
0001747 3.5502E+09 -2.3443E+07 1.8719E+07
0001748 3.5502E+09 -1.3697E+07 -1.5792E+07
0001749 3.5502E+09 2.8092E+07 -2.5216E+07
0001750 3.5502E+09 1.2518E+07 -9.6119E+06
0001751 3.5502E+09 2.7906E+05 -3.9077E+06
0001752 3.5502E+09 2.2475E+07 7.4317E+06
0001753 3.5502E+09 1.4729E+07 -1.3210E+07
0001754 3.5502E+09 -1.2447E+07 1.1641E+07
0001755 3.5502E+09 1.2177E+07 -1.5712E+07
0001756 3.5502E+09 1.0275E+07 2.6491E+06
0001757 3.5502E+09 6.6005E+06 1.5193E+07
0001758 3.5502E+09 1.2523E+06 7.3554E+06
0001759 3.5502E+09 6.5552E+06 -1.3242E+07
0001760 3.5502E+09 1.4741E+07 4.9188E+06
0001761 3.5502E+09 -3.1718E+07 -4.1393E+07
0001762 3.5502E+09 -1.3722E+07 -1.4202E+07
0001763 3.5502E+09 1.9100E+07 1.4476E+07
0001764 3.5502E+09 3.3344E+07 1.4352E+07
0001765 3.5502E+09 -6.1339E+06 -4.2120E+06
0001766 3.5502E+09 4.7210E+06 -2.5418E+06
0001767 3.5502E+09 3.7603E+06 -3.8023E+07
0001768 3.5502E+09 7.8628E+06 8.8966E+06
0001769 3.5502E+09 -7.5230E+06 1.4652E+07
0001770 3.5502E+09 1.6710E+07 9.3338E+06
0001771 3.5502E+09 3.8812E+07 1.2538E+08
0001772 3.5502E+09 1.8867E+07 1.7003E+06
0001773 3.5502E+09 7.5525E+06 -1.7023E+07
0001774 3.5502E+09 6.0536E+07 -1.4833E+06
0001775 3.5502E+09 -1.8109E+07 6.3776E+06
0001776 3.5502E+09 1.2660E+07 -2.2699E+07
0001777 3.5502E+09 4.4721E+06 7.7668E+06
0001778 3.5502E+09 2.5743E+07 1.6383E+07
0001779 3.5502E+09 2.1649E+07 -1.5455E+05
0001780 3.5502E+09 1.5965E+07 -2.0902E+07
0001781 3.5502E+09 2.6773E+07 2.3140E+07
0001782 3.5502E+09 7.2130E+06 4.9055E+06
0001783 3.5502E+09 -4.1508E+06 -1.5058E+06
0001784 3.5502E+09 2.1131E+07 -4.3384E+06
0001785 3.5502E+09 1.6170E+07 8.1617E+06
0001786 3.5502E+09 3.1297E+06 -5.7379E+06
0001787 3.5502E+09 -1.7412E+07 -1.1015E+07
0001788 3.5502E+09 1.6176E+06 1.1167E+07
0001789 3.5502E+09 -2.7405E+06 3.6252E+07
0001790 3.5502E+09 2.5680E+07 -1.8335E+07
0001791 3.5502E+09 -4.0225E+06 -1.7983E+07
0001792 3.5502E+09 1.5810E+07 -3.5264E+06
0001793 3.5502E+09 -2.3602E+07 1.8208E+07
0001794 3.5502E+09 6.1586E+06 -2.4752E+07
0001795 3.5502E+09 -2.8843E+07 4.4084E+06
0001796 3.5502E+09 -7.2070E+06 -2.8765E+07
0001797 3.5502E+09 6.3468E+06 3.8080E+07
0001798 3.5502E+09 -5.8599E+06 5.3175E+05
0001799 3.5502E+09 1.6476E+07 -3.2780E+06
0001800 3.5502E+09 1.9234E+07 3.5261E+06
0001801 3.5502E+09 -9.9147E+05 -1.6629E+06
0001802 3.5502E+09 -1.5927E+07 -1.1351E+07
0001803 3.5502E+09 -5.7104E+06 2.0695E+06
0001804 3.5502E+09 -1.5301E+07 3.0438E+07
0001805 3.5502E+09 -1.0877E+07 7.3789E+06
0001806 3.5502E+09 -1.4768E+07 -2.2617E+07
0001807 3.5502E+09 2.5857E+06 -2.4241E+06
0001808 3.5502E+09 -9.9477E+06 5.7985E+06
0001809 3.5502E+09 -2.5444E+07 -7.0132E+05
0001810 3.5502E+09 1.9134E+07 -4.3607E+06
0001811 3.5502E+09 -2.2585E+07 2.9565E+07
0001812 3.5502E+09 1.8951E+07 -2.3089E+06
0001813 3.5502E+09 -3.5486E+05 1.6728E+06
0001814 3.5502E+09 -2.5240E+06 -2.6733E+07
0001815 3.5502E+09 -3.6746E+06 -3.5860E+06
0001816 3.5502E+09 1.4381E+07 9.6068E+06
0001817 3.5502E+09 -1.0846E+06 1.7219E+07
0001818 3.5502E+09 7.3059E+06 2.7570E+07
0001819 3.5502E+09 -3.2662E+07 -1.7632E+07
0001820 3.5502E+09 -1.0371E+07 -1.0263E+06
0001821 3.5502E+09 2.8081E+07 -2.2502E+07
0001822 3.5502E+09 1.1663E+06 -4.0613E+06
0001823 3.5502E+09 2.0626E+06 4.8465E+06
0001824 3.5502E+09 9.7678E+06 -5.5657E+06
0001825 3.5502E+09 -1.1979E+07 5.7114E+06
0001826 3.5502E+09 3.5276E+07 -5.0097E+07
0001827 3.5502E+09 3.3469E+07 3.3546E+07
0001828 3.5502E+09 4.2634E+06 1.8552E+07
0001829 3.5502E+09 3.3932E+06 -4.3653E+07
0001830 3.5502E+09 3.0964E+07 1.1523E+07
0001831 3.5502E+09 -2.3699E+07 -4.7536E+06
0001832 3.5502E+09 -6.6553E+06 7.3495E+06
0001833 3.5502E+09 6.5175E+07 1.4453E+06
0001834 3.5502E+09 -1.3778E+06 1.5685E+07
0001835 3.5502E+09 2.0742E+07 -7.6819E+06
0001836 3.5502E+09 -8.7352E+06 -2.9942E+06
0001837 3.5502E+09 1.5345E+07 2.3860E+07
0001838 3.5502E+09 1.8170E+07 -4.5683E+07
0001839 3.5502E+09 -1.1213E+07 2.5868E+06
0001840 3.5502E+09 -3.1014E+07 -2.6701E+07
0001841 3.5502E+09 1.4159E+07 7.6495E+06
0001842 3.5502E+09 -1.8055E+07 4.2307E+07
0001843 3.5502E+09 7.0620E+06 1.2083E+07
0001844 3.5502E+09 -5.5190E+07 -1.1382E+07
0001845 3.5502E+09 -3.1865E+07 -1.2381E+07
0001846 3.5502E+09 1.8249E+06 1.7950E+06
0001847 3.5502E+09 -1.9444E+07 -1.1626E+06
0001848 3.5502E+09 -9.4841E+06 -6.4867E+06
0001849 3.5502E+09 -1.0422E+07 1.0953E+07
0001850 3.5502E+09 4.6200E+07 3.9573E+07
0001851 3.5502E+09 2.1686E+07 -1.5126E+07
0001852 3.5502E+09 -3.0069E+06 -1.3617E+07
0001853 3.5502E+09 -3.7963E+06 -1.6152E+07
0001854 3.5502E+09 2.1344E+07 -1.4081E+07
0001855 3.5502E+09 -2.0567E+06 -5.2087E+06
0001856 3.5502E+09 -1.0036E+07 -3.3560E+06
0001857 3.5502E+09 3.4969E+07 -4.2549E+07
0001858 3.5502E+09 2.8508E+06 1.1777E+07
0001859 3.5502E+09 -2.2569E+07 2.3036E+07
0001860 3.5502E+09 -2.0694E+07 1.5839E+07
0001861 3.5502E+09 -4.1564E+07 4.6338E+06
0001862 3.5502E+09 1.2504E+07 1.3927E+07
0001863 3.5502E+09 3.5931E+06 -1.9074E+07
0001864 3.5502E+09 -1.2380E+07 -4.7713E+06
0001865 3.5502E+09 4.7605E+06 -1.7370E+07
0001866 3.5502E+09 -1.0864E+07 -1.6487E+07
0001867 3.5502E+09 -1.4547E+07 -1.8431E+05
0001868 3.5502E+09 7.4393E+06 1.9288E+07
0001869 3.5502E+09 -9.1798E+06 3.4237E+06
0001870 3.5502E+09 1.1599E+08 -5.6596E+07
0001871 3.5502E+09 1.4307E+07 -4.9201E+05
0001872 3.5502E+09 -7.5427E+06 5.0752E+06
0001873 3.5502E+09 -7.6891E+06 5.2922E+06
0001874 3.5502E+09 -2.2492E+07 1.8791E+06
0001875 3.5502E+09 -1.8562E+06 6.0009E+06
0001876 3.5502E+09 2.7820E+07 -4.8205E+07
0001877 3.5502E+09 1.4035E+06 -1.2562E+07
0001878 3.5502E+09 -2.4093E+06 3.4337E+06
0001879 3.5502E+09 4.4525E+06 -2.2019E+06
0001880 3.5502E+09 3.0153E+08 2.6001E+08
0001881 3.5502E+09 5.0215E+06 -5.2201E+06
0001882 3.5502E+09 -9.3046E+06 2.2772E+07
0001883 3.5502E+09 -3.1167E+07 -9.6412E+06
0001884 3.5502E+09 1.3591E+07 -2.9672E+07
0001885 3.5502E+09 -1.7234E+07 3.0717E+06
0001886 3.5502E+09 2.0322E+07 -1.2406E+07
0001887 3.5502E+09 2.6733E+07 -2.2814E+07