============================== SRIM-2013.00 ==============================
==============================================================================
====== SRIM Outputs\RANGE_3D.txt : File of Final Ion Positions =====

Ion = Sr (38)   Ion Mass= 087,9100
Energy  = 3000000,E-01 keV
Ion Angle to Surface = 00,0 degrees
==================== TARGET =======================
  Layer # 1 - Layer 1
  Layer # 1 - Bottom Depth=287700,E-01 A
  Layer # 1 - Density =0004,5189 g/cm3
  Layer # 1 -  100 % of Ti
  Layer # 1 -  0 % of He
  Layer # 1 -  0 % of Ti
κκκκκκκκκκκκκκκκκκκκκκκκκκκκκκκκκκκκκκκκκκκκκκκκκκκκ
  Layer # 2 - Layer 2
  Layer # 2 - Bottom Depth=355003,E+04 A
  Layer # 2 - Density =0000,0000 g/cm3
  Layer # 2 -  0 % of Ti
  Layer # 2 -  100 % of He
  Layer # 2 -  0 % of Ti
κκκκκκκκκκκκκκκκκκκκκκκκκκκκκκκκκκκκκκκκκκκκκκκκκκκκ
  Layer # 3 - Layer 3
  Layer # 3 - Bottom Depth=357880,E+04 A
  Layer # 3 - Density =0004,5189 g/cm3
  Layer # 3 -  0 % of Ti
  Layer # 3 -  0 % of He
  Layer # 3 -  100 % of Ti
κκκκκκκκκκκκκκκκκκκκκκκκκκκκκκκκκκκκκκκκκκκκκκκκκκκκ
                                            
Ion       Depth  X   Lateral Y   Lateral Z  
Number    (Angstrom) (Angstrom)  (Angstrom) 
-------  ----------- ----------- -----------
0000001   3,5501E+09  2,6843E+07  3,4832E+07
0000002   3,5501E+09  2,5768E+07  4,3937E+06
0000003   3,5502E+09 -2,5698E+07  5,4718E+06
0000004   3,5501E+09 -7,3588E+06  1,3315E+07
0000005   3,5501E+09  1,4902E+07  4,6484E+06
0000006   3,5501E+09 -2,3715E+07 -8,3170E+06
0000007   3,5502E+09 -1,3944E+04 -1,5695E+07
0000008   3,5502E+09 -4,8627E+06 -1,9663E+07
0000009   3,5502E+09 -1,3005E+08  8,2481E+07
0000010   3,5502E+09  2,1278E+07 -1,0959E+06
0000011   3,5501E+09 -1,8883E+07  1,4054E+07
0000012   3,5502E+09 -6,8882E+05 -2,1801E+06
0000013   3,5502E+09 -1,8311E+07  3,2120E+06
0000014   3,5501E+09  2,9500E+07  1,9707E+07
0000015   3,5502E+09  2,9428E+05  1,0728E+07
0000016   3,5501E+09  1,9105E+07  1,2020E+07
0000017   3,5501E+09 -3,3272E+06 -7,7440E+05
0000018   3,5501E+09  1,0992E+06  1,9774E+07
0000019   3,5501E+09 -4,6697E+05  8,3285E+05
0000020   3,5502E+09 -1,5476E+07 -4,3270E+06
0000021   3,5501E+09  3,4118E+06 -3,3281E+07
0000022   3,5501E+09 -1,9610E+07 -2,4525E+06
0000023   3,5502E+09 -1,9365E+06  4,9964E+06
0000024   3,5501E+09  1,3869E+06  2,3109E+07
0000025   3,5502E+09 -1,5083E+06  1,8938E+07
0000026   3,5502E+09 -3,2512E+05  2,9069E+07
0000027   3,5501E+09 -1,1484E+07 -6,0565E+06
0000028   3,5502E+09 -1,0704E+07  2,8298E+07
0000029   3,5501E+09 -1,8307E+07 -1,1249E+05
0000030   3,5501E+09  1,9363E+05 -1,2058E+07
0000031   3,5502E+09 -1,4409E+07  2,5879E+07
0000032   3,5501E+09  2,6460E+07 -9,6595E+06
0000033   3,5502E+09  6,0701E+07  2,3313E+07
0000034   3,5502E+09  1,2081E+07  1,1592E+06
0000035   3,5501E+09  3,0750E+07 -1,3073E+07
0000036   3,5502E+09  5,6593E+07  1,5979E+07
0000037   3,5501E+09 -8,9309E+06 -3,1181E+06
0000038   3,5502E+09  6,6310E+06 -6,3652E+06
0000039   3,5502E+09 -2,6918E+07 -2,1694E+07
0000040   3,5502E+09 -3,3809E+05  1,5912E+06
0000041   3,5502E+09 -1,2987E+07 -2,0799E+07
0000042   3,5502E+09  4,8682E+06  2,1649E+07
0000043   3,5501E+09 -7,1948E+06 -1,4466E+07
0000044   3,5501E+09  2,0598E+06  3,3361E+06
0000045   3,5502E+09  1,9121E+07  2,9527E+07
0000046   3,5502E+09  2,0822E+07  2,0977E+07
0000047   3,5501E+09 -5,1149E+06  1,6765E+07
0000048   3,5502E+09 -5,2083E+06  8,1269E+06
0000049   3,5501E+09 -3,0412E+07 -1,3437E+05
0000050   3,5502E+09 -1,0572E+07 -3,8702E+07
0000051   3,5501E+09 -1,3538E+07  1,0088E+07
0000052   3,5501E+09 -2,5678E+07  1,0133E+07
0000053   3,5501E+09  3,5514E+07 -2,3554E+07
0000054   3,5501E+09 -7,8664E+06  1,6023E+07
0000055   3,5501E+09 -9,1876E+06 -3,2683E+07
0000056   3,5501E+09  7,3543E+06  5,2976E+06
0000057   3,5501E+09 -7,1455E+06 -6,3687E+06
0000058   3,5501E+09 -3,7491E+07  2,5484E+06
0000059   3,5502E+09  2,7905E+06  1,1240E+05
0000060   3,5502E+09  3,3772E+06  4,3884E+06
0000061   3,5501E+09 -9,8028E+06 -7,0627E+07
0000062   3,5502E+09 -1,8061E+07 -7,9365E+06
0000063   3,5502E+09  1,9167E+06  3,0587E+07
0000064   3,5502E+09  6,4246E+05  1,7723E+07
0000065   3,5502E+09  6,2931E+07  4,5567E+07
0000066   3,5502E+09 -2,5629E+07 -2,2409E+07
0000067   3,5501E+09 -1,0069E+07  1,7914E+07
0000068   3,5501E+09  8,4796E+06 -5,1408E+06
0000069   3,5502E+09  3,7087E+06 -3,5619E+07
0000070   3,5501E+09  8,0780E+06 -3,2556E+07
0000071   3,5502E+09  6,4681E+06 -4,9592E+06
0000072   3,5501E+09  4,7542E+06  2,6629E+07
0000073   3,5501E+09  5,7589E+07  3,8080E+07
0000074   3,5501E+09 -2,4415E+07  1,7178E+07
0000075   3,5501E+09 -2,0702E+07  9,7594E+06
0000076   3,5501E+09  2,7843E+07 -3,1551E+06
0000077   3,5501E+09 -3,7142E+07  7,3988E+05
0000078   3,5502E+09  2,4692E+07 -6,6425E+06
0000079   3,5501E+09  3,7562E+06  2,6010E+06
0000080   3,5501E+09 -9,5692E+06 -2,4854E+06
0000081   3,5501E+09 -1,7813E+07 -1,0173E+07
0000082   3,5501E+09 -3,0897E+07  1,5166E+07
0000083   3,5501E+09  5,1123E+06  3,6273E+05
0000084   3,5501E+09  2,2597E+07 -9,7706E+05
0000085   3,5502E+09  6,2326E+06  1,8331E+07
0000086   3,5501E+09 -3,2736E+07 -1,2275E+08
0000087   3,5502E+09 -1,9113E+07  5,2722E+06
0000088   3,5502E+09 -2,3070E+07  5,3831E+06
0000089   3,5502E+09 -2,0205E+06 -5,8766E+06
0000090   3,5501E+09 -1,0481E+07  5,1464E+06
0000091   3,5501E+09  1,0957E+05  8,1616E+06
0000092   3,5502E+09  1,5599E+07  8,9361E+06
0000093   3,5502E+09  1,2347E+07 -1,2151E+07
0000094   3,5502E+09 -1,9338E+06 -7,7804E+07
0000095   3,5502E+09 -3,7017E+07 -8,3974E+06
0000096   3,5502E+09 -1,3960E+07  3,8136E+06
0000097   3,5501E+09  9,7940E+06 -1,6651E+07
0000098   3,5501E+09 -8,8806E+06 -4,8101E+06
0000099   3,5502E+09  2,8134E+06  7,4401E+06
0000100   3,5501E+09  2,7221E+07 -1,8256E+07
0000101   3,5502E+09 -1,7393E+07  1,0123E+07
0000102   3,5502E+09 -3,2208E+07  2,5866E+07
0000103   3,5502E+09  1,9962E+07  9,4731E+05
0000104   3,5502E+09  2,8326E+07 -2,7522E+07
0000105   3,5502E+09 -4,6138E+07  3,5974E+06
0000106   3,5501E+09  2,6881E+07  2,0595E+07
0000107   3,5501E+09  6,2302E+06 -1,4828E+07
0000108   3,5502E+09 -2,1982E+06  7,2690E+06
0000109   3,5502E+09  1,5405E+07  1,4026E+07
0000110   3,5501E+09  7,0598E+06  6,7928E+06
0000111   3,5502E+09 -1,8049E+06  1,2366E+07
0000112   3,5501E+09 -1,0926E+06  1,7375E+07
0000113   3,5501E+09  3,9826E+06 -2,9724E+07
0000114   3,5501E+09  6,6799E+07 -1,9494E+07
0000115   3,5501E+09  1,8030E+07 -6,6102E+06
0000116   3,5501E+09 -8,3884E+06  5,4320E+07
0000117   3,5501E+09  2,4806E+07 -1,4251E+07
0000118   3,5501E+09  2,0470E+07 -2,0931E+07
0000119   3,5501E+09 -5,7496E+06  2,1309E+07
0000120   3,5501E+09 -3,3660E+07 -4,2754E+07
0000121   3,5502E+09  9,7194E+06  5,3129E+06
0000122   3,5501E+09  3,5230E+07 -2,5127E+07
0000123   3,5502E+09 -2,8912E+07  1,1998E+07
0000124   3,5501E+09 -2,1408E+07  3,1575E+07
0000125   3,5501E+09 -2,8481E+08 -1,9064E+08
0000126   3,5502E+09 -4,6688E+05 -8,0759E+06
0000127   3,5502E+09  1,6714E+06 -1,3204E+07
0000128   3,5501E+09  3,6994E+07 -1,7660E+06
0000129   3,5501E+09  1,3205E+06 -4,8790E+05
0000130   3,5502E+09  1,7466E+06  3,1144E+06
0000131   3,5502E+09  1,5534E+07 -9,8264E+06
0000132   3,5502E+09 -2,8312E+07  1,0303E+07
0000133   3,5502E+09  1,5530E+07  1,0997E+07
0000134   3,5501E+09  1,5838E+05 -2,2460E+06
0000135   3,5502E+09  8,2489E+06 -1,8746E+07
0000136   3,5502E+09  3,6122E+06  1,9646E+07
0000137   3,5502E+09  1,2273E+07 -1,8092E+07
0000138   3,5501E+09 -5,1630E+07  2,5896E+07
0000139   3,5502E+09 -1,3899E+07 -2,9466E+07
0000140   3,5502E+09 -1,0754E+07 -1,7585E+07
0000141   3,5501E+09  1,1341E+08 -6,0626E+06
0000142   3,5501E+09 -8,9487E+06  2,6363E+07
0000143   3,5502E+09  2,0290E+07  1,9829E+06
0000144   3,5502E+09 -2,0389E+07 -1,6690E+06
0000145   3,5502E+09 -7,4907E+06  1,2873E+07
0000146   3,5502E+09 -1,3282E+07  1,0324E+07
0000147   3,5502E+09  2,6424E+07  9,4514E+06
0000148   3,5501E+09 -4,1252E+07  4,3015E+07
0000149   3,5502E+09 -5,5972E+06  2,0556E+07
0000150   3,5502E+09 -1,1059E+07 -1,5490E+06
0000151   3,5502E+09  2,3455E+07 -2,5786E+07
0000152   3,5502E+09 -6,1422E+07  5,5133E+06
0000153   3,5501E+09  5,6600E+06  2,9712E+07
0000154   3,5502E+09  1,8696E+07 -1,8101E+07
0000155   3,5502E+09 -5,4262E+06  1,9882E+07
0000156   3,5501E+09  1,3797E+07  8,0123E+06
0000157   3,5502E+09 -1,1655E+06  1,2288E+07
0000158   3,5501E+09  7,2735E+06  1,2577E+06
0000159   3,5502E+09  1,3588E+07 -1,3619E+07
0000160   3,5501E+09 -1,8189E+07  1,8375E+07
0000161   3,5502E+09 -3,9301E+07  8,2840E+06
0000162   3,5502E+09 -8,4648E+06 -1,0519E+07
0000163   3,5501E+09  3,0908E+07 -9,0705E+06
0000164   3,5501E+09  3,4674E+06 -5,0832E+07
0000165   3,5501E+09  8,1187E+06 -5,6552E+06
0000166   3,5501E+09  4,1340E+07  2,2589E+07
0000167   3,5501E+09 -1,5991E+07  1,9224E+07
0000168   3,5501E+09  2,2557E+07  7,2597E+06
0000169   3,5501E+09  7,5647E+05  7,7528E+06
0000170   3,5501E+09  2,4071E+05 -8,4529E+06
0000171   3,5502E+09  2,5576E+07  4,8219E+07
0000172   3,5502E+09  2,3103E+07 -1,4045E+07
0000173   3,5501E+09 -2,4899E+07 -1,1232E+07
0000174   3,5502E+09  3,7115E+06  1,0778E+07
0000175   3,5502E+09 -1,3194E+07 -6,8567E+06
0000176   3,5501E+09 -4,7817E+03  1,3862E+07
0000177   3,5501E+09  2,0035E+07  5,4053E+06
0000178   3,5502E+09 -1,8615E+07  4,2796E+07
0000179   3,5501E+09 -1,2846E+07 -5,1180E+07
0000180   3,5501E+09 -2,1012E+06 -2,1631E+07
0000181   3,5502E+09  9,7788E+05  1,1920E+07
0000182   3,5502E+09 -4,7253E+06  1,9596E+05
0000183   3,5502E+09  4,9101E+07 -6,2998E+07
0000184   3,5501E+09 -4,7590E+06 -2,5874E+07
0000185   3,5501E+09 -1,3336E+07 -7,1465E+06
0000186   3,5502E+09 -5,1384E+07  4,5247E+07
0000187   3,5502E+09 -2,8306E+06 -5,3527E+06
0000188   3,5501E+09 -3,8800E+07 -2,2233E+07
0000189   3,5502E+09 -1,3846E+07 -8,5383E+06
0000190   3,5501E+09  3,3154E+05  2,3547E+07
0000191   3,5501E+09 -1,4594E+06  1,8902E+07
0000192   3,5501E+09  1,2215E+07 -1,9551E+06
0000193   3,5502E+09  7,6574E+06 -1,1493E+07
0000194   3,5502E+09  6,7634E+06 -1,4768E+07
0000195   3,5502E+09  2,6294E+06  2,0330E+06
0000196   3,5502E+09 -2,2057E+07  3,2906E+07
0000197   3,5501E+09  7,9600E+06  8,9996E+06
0000198   3,5502E+09  6,9229E+06 -2,3449E+07
0000199   3,5501E+09 -3,0114E+07 -5,2832E+05
0000200   3,5502E+09 -6,6206E+06  2,3212E+07
0000201   3,5501E+09  1,9493E+07  2,4010E+07
0000202   3,5502E+09  8,6994E+06 -1,3401E+07
0000203   3,5501E+09 -2,1687E+07  2,6067E+07
0000204   3,5502E+09  1,3716E+07 -1,1350E+07
0000205   3,5502E+09 -1,1424E+08 -3,0364E+08
0000206   3,5502E+09 -1,4795E+07 -4,0159E+06
0000207   3,5502E+09  2,6254E+07 -2,1937E+05
0000208   3,5501E+09 -8,3903E+06 -4,0292E+06
0000209   3,5502E+09 -8,7265E+05 -1,7465E+07
0000210   3,5502E+09 -1,4428E+07 -1,7490E+07
0000211   3,5502E+09 -1,0116E+07  7,0813E+06
0000212   3,5502E+09  6,5299E+07  5,1491E+05
0000213   3,5502E+09  2,0704E+07 -4,6875E+06
0000214   3,5501E+09 -1,7965E+05  4,8528E+07
0000215   3,5502E+09  4,5326E+07  1,3945E+07
0000216   3,5501E+09 -4,6333E+06 -1,0158E+07
0000217   3,5502E+09  1,3500E+07 -1,2019E+07
0000218   3,5501E+09 -4,9914E+06 -1,1596E+07
0000219   3,5502E+09  1,1886E+07 -2,4533E+06
0000220   3,5501E+09 -1,0908E+08  5,8743E+07
0000221   3,5501E+09 -1,0881E+07 -6,2971E+05
0000222   3,5502E+09 -1,1131E+07  1,0301E+08
0000223   3,5501E+09 -1,3462E+07  7,3057E+06
0000224   3,5502E+09 -4,6370E+07  2,1075E+07
0000225   3,5501E+09 -1,7706E+07  3,3820E+07
0000226   3,5501E+09  5,2003E+06 -5,8748E+06
0000227   3,5501E+09  2,0714E+07 -1,3113E+07
0000228   3,5501E+09 -2,0542E+06  1,9617E+07
0000229   3,5501E+09 -5,1716E+06 -1,0551E+07
0000230   3,5502E+09  1,0514E+07  1,0089E+07
0000231   3,5501E+09  2,7214E+07  9,3435E+05
0000232   3,5502E+09  1,0183E+07  1,0855E+07
0000233   3,5501E+09  1,6476E+07 -2,3742E+07
0000234   3,5501E+09  1,1626E+07 -9,1325E+06
0000235   3,5501E+09 -8,8284E+06 -8,6609E+06
0000236   3,5502E+09  1,7048E+07 -5,8355E+06
0000237   3,5501E+09  2,1753E+07  1,2160E+06
0000238   3,5501E+09  4,6026E+07  6,2816E+07
0000239   3,5502E+09 -6,5216E+05  1,3317E+07
0000240   3,5502E+09  2,1434E+07  1,8166E+07
0000241   3,5501E+09  1,7310E+07 -1,3441E+07
0000242   3,5502E+09 -5,7809E+07  1,6338E+06
0000243   3,5501E+09  1,5082E+06  2,2406E+07
0000244   3,5502E+09 -6,3263E+06 -8,6920E+06
0000245   3,5501E+09  7,5281E+06  2,8952E+06
0000246   3,5502E+09 -1,2703E+07 -8,0807E+06
0000247   3,5502E+09 -7,3791E+06  1,6943E+06
0000248   3,5501E+09 -2,3351E+07 -1,8738E+07
0000249   3,5501E+09 -2,9794E+06 -1,2255E+07
0000250   3,5502E+09 -3,1993E+07  3,4023E+07
0000251   3,5501E+09  2,2082E+07  2,0722E+07
0000252   3,5502E+09 -2,8316E+07  6,6679E+06
0000253   3,5501E+09  1,2555E+07 -3,8608E+07
0000254   3,5502E+09 -6,9958E+06 -2,7362E+07
0000255   3,5501E+09 -1,6680E+07  6,7676E+06
0000256   3,5502E+09 -1,6994E+06  4,9979E+06
0000257   3,5502E+09 -9,3197E+06 -2,0386E+07
0000258   3,5502E+09 -1,3996E+07 -2,2228E+07
0000259   3,5502E+09 -5,1412E+05 -1,7965E+07
0000260   3,5501E+09  7,4701E+06 -2,1053E+07
0000261   3,5501E+09 -9,7920E+06  8,8121E+06
0000262   3,5502E+09  3,3057E+07 -2,5563E+06
0000263   3,5502E+09  1,3304E+07  2,8456E+07
0000264   3,5502E+09  1,0344E+07 -9,5195E+06
0000265   3,5501E+09  1,8024E+07 -1,1980E+07
0000266   3,5501E+09 -6,3256E+06 -2,5928E+07
0000267   3,5502E+09  1,2563E+07 -1,2531E+07
0000268   3,5501E+09 -2,0465E+06  1,5021E+07
0000269   3,5502E+09 -3,7286E+07  1,1443E+08
0000270   3,5502E+09  8,3708E+06  7,0699E+06
0000271   3,5502E+09  2,3447E+07 -2,6101E+07
0000272   3,5501E+09 -4,2493E+07  1,4192E+08
0000273   3,5502E+09  6,2067E+06  2,0536E+07
0000274   3,5502E+09  9,3145E+06  2,9449E+06
0000275   3,5502E+09 -1,9138E+07  1,3131E+07
0000276   3,5502E+09  7,0668E+06 -3,0710E+07
0000277   3,5502E+09 -7,8893E+06  8,0107E+06
0000278   3,5502E+09 -1,4926E+07  9,0516E+06
0000279   3,5502E+09 -1,1153E+07  9,6982E+06
0000280   3,5501E+09 -4,1099E+05  3,7379E+05
0000281   3,5502E+09  1,5045E+07  5,3687E+06
0000282   3,5502E+09 -2,4851E+07  3,2315E+06
0000283   3,5501E+09  1,4324E+07  2,6161E+07
0000284   3,5501E+09  1,0465E+07  6,8045E+06
0000285   3,5502E+09  7,0200E+06  1,1080E+07
0000286   3,5501E+09 -1,3423E+06 -2,0328E+07
0000287   3,5502E+09 -6,0305E+06 -2,4294E+06
0000288   3,5501E+09 -3,4757E+07 -2,4845E+07
0000289   3,5502E+09 -1,6776E+08  3,7146E+07
0000290   3,5502E+09  1,0684E+07  1,5048E+07
0000291   3,5502E+09 -2,4872E+07 -3,7559E+07
0000292   3,5501E+09  2,2863E+07 -3,9536E+06
0000293   3,5502E+09 -2,5739E+07 -2,2231E+07
0000294   3,5501E+09  1,3162E+06 -1,3990E+07
0000295   3,5502E+09  5,0639E+06  5,0459E+06
0000296   3,5502E+09 -4,3373E+07 -3,1043E+06
0000297   3,5502E+09 -2,9216E+06 -3,6766E+06
0000298   3,5501E+09 -1,6559E+07 -6,0942E+06
0000299   3,5502E+09 -1,7875E+07  5,8091E+06
0000300   3,5501E+09  1,0811E+07 -1,3336E+07
0000301   3,5502E+09 -1,7381E+07 -1,9400E+07
0000302   3,5502E+09 -9,6644E+06  2,6457E+07
0000303   3,5501E+09 -8,2135E+06  3,6334E+07
0000304   3,5501E+09 -1,3063E+07 -2,1219E+06
0000305   3,5502E+09  1,7873E+07  1,2958E+07
0000306   3,5501E+09  2,2451E+07 -7,2249E+07
0000307   3,5502E+09  5,6285E+06  2,4323E+07
0000308   3,5501E+09 -1,2864E+07 -1,2610E+07
0000309   3,5501E+09 -3,4414E+07  4,1153E+06
0000310   3,5502E+09 -3,6734E+06 -7,5924E+06
0000311   3,5502E+09 -3,8323E+07 -1,5249E+07
0000312   3,5501E+09 -1,9042E+07 -6,8730E+06
0000313   3,5502E+09  3,4371E+07 -3,1927E+06
0000314   3,5502E+09  2,7684E+07 -8,0207E+06
0000315   3,5502E+09  5,2496E+07 -4,6957E+07
0000316   3,5502E+09 -1,8221E+07  4,7100E+06
0000317   3,5502E+09  4,6318E+07  4,6205E+07
0000318   3,5502E+09  3,4876E+05  1,6827E+07
0000319   3,5502E+09 -3,0628E+07 -3,0435E+07
0000320   3,5501E+09  1,6092E+07  9,9687E+06
0000321   3,5501E+09  3,0715E+07 -1,3558E+07
0000322   3,5501E+09 -1,6220E+07 -3,1507E+06
0000323   3,5501E+09 -3,1870E+07  4,1252E+07
0000324   3,5501E+09 -1,7745E+07 -7,3273E+05
0000325   3,5502E+09  8,7466E+04  1,7184E+06
0000326   3,5501E+09 -6,6085E+06  5,2127E+06
0000327   3,5502E+09 -1,5107E+07 -3,6170E+06
0000328   3,5501E+09  1,9721E+07 -2,3936E+07
0000329   3,5501E+09 -2,2810E+07 -7,7039E+06
0000330   3,5502E+09 -1,7646E+07  1,5481E+07
0000331   3,5501E+09 -9,5681E+06 -1,9822E+06
0000332   3,5501E+09  2,4267E+07 -1,4783E+07
0000333   3,5501E+09  1,7894E+06  1,7463E+07
0000334   3,5501E+09  2,3008E+07 -1,1305E+07
0000335   3,5501E+09  2,4394E+07  3,1606E+07
0000336   3,5501E+09 -1,7758E+07 -3,5173E+06
0000337   3,5502E+09  2,4324E+06 -6,6166E+06
0000338   3,5502E+09 -2,0514E+07  2,9549E+07
0000339   3,5501E+09  1,7335E+07 -1,6701E+07
0000340   3,5502E+09  5,4908E+06 -1,7750E+07
0000341   3,5501E+09  7,3130E+06  5,7420E+06
0000342   3,5502E+09 -1,2601E+07  1,9391E+07
0000343   3,5501E+09  2,0105E+07 -7,2814E+06
0000344   3,5501E+09 -1,3799E+07  2,4481E+06
0000345   3,5502E+09 -1,9583E+07 -2,5157E+06
0000346   3,5501E+09  6,3218E+06  2,8628E+06
0000347   3,5502E+09 -1,1518E+05 -8,1417E+06
0000348   3,5501E+09 -1,3545E+07  1,5279E+07
0000349   3,5501E+09  1,1722E+07 -1,0841E+07
0000350   3,5501E+09  3,4343E+05  1,4064E+07
0000351   3,5501E+09  3,8922E+07  4,8307E+07
0000352   3,5501E+09  1,7735E+07  3,3598E+07
0000353   3,5501E+09 -1,7174E+07  9,4774E+06
0000354   3,5502E+09 -1,1809E+08 -1,4963E+07
0000355   3,5501E+09 -1,6632E+07  1,1565E+06
0000356   3,5502E+09  1,2437E+07 -7,9472E+06
0000357   3,5502E+09  6,3594E+06 -2,1975E+07
0000358   3,5501E+09 -2,1054E+07  1,6362E+07
0000359   3,5501E+09 -8,1083E+06  5,2426E+06
0000360   3,5501E+09  5,5962E+07 -2,7331E+07
0000361   3,5502E+09  3,1704E+06  3,4510E+07
0000362   3,5502E+09  3,1703E+07 -3,4242E+06
0000363   3,5501E+09 -4,2813E+07 -8,4468E+06
0000364   3,5502E+09  1,6201E+07 -1,5236E+07
0000365   3,5501E+09  1,9438E+07  4,3332E+07
0000366   3,5502E+09  1,6475E+07  7,7420E+06
0000367   3,5502E+09 -1,0110E+06 -2,2541E+06
0000368   3,5502E+09  4,6243E+07  8,8633E+06
0000369   3,5501E+09  2,1224E+07 -1,1637E+07
0000370   3,5501E+09 -1,9941E+07 -8,3506E+06
0000371   3,5502E+09 -1,5639E+07  1,2954E+07
0000372   3,5502E+09  1,2673E+07  1,5530E+07
0000373   3,5501E+09 -1,1840E+07 -1,2939E+07
0000374   3,5502E+09  9,8150E+06 -8,9305E+06
0000375   3,5502E+09 -1,7391E+06  2,2201E+07
0000376   3,5501E+09 -5,8399E+07 -2,2411E+07
0000377   3,5501E+09 -1,3082E+07  1,7971E+07
0000378   3,5501E+09  2,2082E+07 -1,1702E+07
0000379   3,5501E+09  2,8616E+07  2,0794E+07
0000380   3,5501E+09  5,8819E+07 -4,2812E+07
0000381   3,5501E+09  2,5767E+06 -1,0340E+07
0000382   3,5501E+09  2,8275E+07  4,0260E+07
0000383   3,5501E+09  1,4054E+08 -4,0269E+07
0000384   3,5501E+09 -1,2455E+07  2,0589E+07
0000385   3,5502E+09  5,4519E+06 -8,0204E+06
0000386   3,5501E+09  1,0075E+07  2,4281E+06
0000387   3,5502E+09 -1,4853E+06 -1,2781E+07
0000388   3,5501E+09 -9,2209E+06  2,4948E+07
0000389   3,5501E+09  6,6703E+06  3,5356E+07
0000390   3,5502E+09 -1,4655E+07 -1,8008E+07
0000391   3,5501E+09  5,8264E+06 -4,1185E+06
0000392   3,5502E+09  1,2036E+07  1,0815E+07
0000393   3,5502E+09 -2,4929E+07  2,6338E+06
0000394   3,5501E+09  4,4156E+07 -6,3006E+07
0000395   3,5501E+09  1,6382E+07  2,0030E+07
0000396   3,5501E+09  4,6055E+06  1,0991E+07
0000397   3,5501E+09 -2,5746E+07 -2,5454E+06
0000398   3,5501E+09 -3,0845E+06 -1,2170E+07
0000399   3,5501E+09 -8,4697E+05  7,1497E+06
0000400   3,5501E+09 -2,1705E+07 -4,4054E+06
0000401   3,5501E+09 -1,3560E+07 -5,9829E+06
0000402   3,5501E+09  8,5092E+06  9,0734E+06
0000403   3,5501E+09 -1,1235E+08 -7,1844E+06
0000404   3,5501E+09 -4,0636E+05 -1,5763E+07
0000405   3,5501E+09  2,8951E+06  1,7168E+06
0000406   3,5501E+09  3,2401E+07 -1,2533E+07
0000407   3,5502E+09 -2,0257E+06 -6,1137E+06
0000408   3,5502E+09  2,5452E+07  3,4603E+07
0000409   3,5501E+09  7,0419E+06 -1,9321E+07
0000410   3,5501E+09 -1,0956E+07 -4,7828E+07
0000411   3,5501E+09 -1,2178E+07  7,6823E+06
0000412   3,5501E+09  2,4463E+07  1,8806E+07
0000413   3,5502E+09 -1,4655E+06  9,2703E+06
0000414   3,5502E+09 -4,1374E+06 -5,8114E+06
0000415   3,5501E+09  1,3585E+07 -2,2055E+07
0000416   3,5502E+09 -1,5942E+07 -2,2408E+07
0000417   3,5502E+09 -7,8273E+05  4,4319E+07
0000418   3,5501E+09 -1,5864E+07 -9,6885E+06
0000419   3,5502E+09 -1,0769E+07 -2,9267E+07
0000420   3,5501E+09  1,0245E+07  7,8616E+06
0000421   3,5501E+09 -5,7048E+05 -2,4658E+07
0000422   3,5501E+09  4,6411E+06  1,2776E+06
0000423   3,5501E+09 -8,7881E+06 -2,4449E+07
0000424   3,5501E+09  4,1248E+07 -1,3345E+07
0000425   3,5502E+09 -1,3047E+07 -6,5052E+06
0000426   3,5501E+09 -6,5644E+06 -1,6339E+07
0000427   3,5501E+09 -3,3285E+07  1,1689E+08
0000428   3,5502E+09 -4,5186E+06 -1,0747E+07
0000429   3,5502E+09 -2,3490E+07  1,8580E+07
0000430   3,5502E+09 -5,1370E+07  2,1335E+07
0000431   3,5502E+09  8,3329E+06  3,7962E+05
0000432   3,5502E+09 -1,7343E+07 -2,2584E+07
0000433   3,5502E+09 -3,0079E+07 -1,6228E+07
0000434   3,5502E+09  1,9072E+06 -1,0786E+07
0000435   3,5501E+09 -1,3733E+07 -3,8370E+07
0000436   3,5502E+09  3,5792E+06 -1,4820E+07
0000437   3,5502E+09 -1,4262E+06  5,9774E+06
0000438   3,5501E+09 -3,0136E+07  8,1206E+05
0000439   3,5502E+09 -8,0136E+06  4,2260E+07
0000440   3,5502E+09  1,1781E+07 -4,2910E+06
0000441   3,5502E+09 -1,9758E+07 -1,0758E+07
0000442   3,5502E+09 -1,2995E+07  8,5877E+07
0000443   3,5502E+09 -1,0642E+06 -8,4611E+06
0000444   3,5501E+09 -5,3400E+06  2,5860E+07
0000445   3,5502E+09  3,4388E+07 -5,0833E+07
0000446   3,5501E+09  4,1174E+07  1,2495E+07
0000447   3,5501E+09  8,1799E+06  2,3225E+07
0000448   3,5502E+09  2,3143E+06 -1,8402E+07
0000449   3,5502E+09  2,4266E+07  3,2218E+06
0000450   3,5502E+09 -8,0149E+06  7,2248E+06
0000451   3,5501E+09  1,4760E+07 -1,6593E+07
0000452   3,5501E+09  2,1698E+07  1,9784E+07
0000453   3,5502E+09 -1,2131E+07 -8,7127E+06
0000454   3,5501E+09 -4,7318E+07 -1,5868E+07
0000455   3,5502E+09  2,0969E+06  1,2583E+07
0000456   3,5502E+09 -3,2717E+07  4,7521E+06
0000457   3,5502E+09 -1,9874E+07  1,1094E+07
0000458   3,5502E+09 -1,1779E+07 -5,2098E+07
0000459   3,5502E+09 -2,4353E+06 -2,5295E+07
0000460   3,5501E+09  9,7145E+06 -2,7619E+07
0000461   3,5502E+09  1,9857E+07 -1,2196E+07
0000462   3,5501E+09 -3,8351E+05 -8,1008E+06
0000463   3,5501E+09 -1,5902E+07  4,9329E+06
0000464   3,5502E+09  2,3509E+07 -1,1274E+07
0000465   3,5502E+09 -3,4180E+06 -7,2889E+06
0000466   3,5502E+09  1,1903E+07 -3,9885E+07
0000467   3,5502E+09 -6,5637E+05  1,2802E+07
0000468   3,5501E+09  1,7928E+06 -6,8315E+06
0000469   3,5501E+09  2,4310E+07 -7,9631E+06
0000470   3,5502E+09 -8,1595E+06 -3,5039E+07
0000471   3,5502E+09 -9,7173E+06  2,8828E+06
0000472   3,5501E+09  2,2354E+07  4,6580E+06
0000473   3,5502E+09  2,3564E+07 -3,0078E+07
0000474   3,5502E+09 -3,2326E+07  2,8913E+06
0000475   3,5501E+09  2,8217E+07  3,5809E+07
0000476   3,5501E+09  1,4333E+07  8,4477E+06
0000477   3,5502E+09 -2,6385E+07  2,8257E+07
0000478   3,5502E+09 -1,1838E+07  6,0526E+07
0000479   3,5501E+09 -7,5364E+06  4,3240E+06
0000480   3,5501E+09  4,4920E+06  1,7079E+07
0000481   3,5501E+09 -9,3960E+06  1,5724E+07
0000482   3,5502E+09 -2,9731E+06 -7,6523E+06
0000483   3,5501E+09  3,1926E+07 -2,3905E+07
0000484   3,5501E+09  9,0065E+06  2,9550E+07
0000485   3,5501E+09  3,6378E+07 -1,6542E+08
0000486   3,5501E+09  7,0569E+06  1,9156E+07
0000487   3,5502E+09 -3,7744E+07 -4,7939E+07
0000488   3,5501E+09  4,1945E+06 -1,7548E+06
0000489   3,5502E+09  1,1413E+07  7,0878E+06
0000490   3,5501E+09  2,2648E+06 -2,4432E+07
0000491   3,5502E+09 -1,6399E+07  5,1218E+06
0000492   3,5501E+09 -9,4162E+06 -2,4497E+07
0000493   3,5501E+09 -1,6896E+07  5,9429E+07
0000494   3,5502E+09  5,9054E+06  7,3063E+06
0000495   3,5501E+09 -1,4548E+07  1,2635E+06
0000496   3,5502E+09 -2,3299E+07 -1,1560E+07
0000497   3,5502E+09 -6,9567E+06 -3,0366E+07
0000498   3,5501E+09 -8,0620E+07 -4,7112E+07
0000499   3,5501E+09  1,8911E+07 -1,9067E+07
0000500   3,5502E+09  1,0520E+07 -2,7367E+07
0000501   3,5502E+09  4,2397E+06  8,7081E+06
0000502   3,5502E+09  3,0386E+07  1,1420E+07
0000503   3,5501E+09  2,1235E+07 -1,4277E+07
0000504   3,5501E+09  2,4255E+06 -5,3382E+06
0000505   3,5501E+09 -2,6245E+07  9,1233E+06
0000506   3,5502E+09 -4,6219E+07  1,3165E+07
0000507   3,5502E+09 -1,3908E+07 -2,5093E+07
0000508   3,5502E+09 -1,0458E+07  1,3649E+07
0000509   3,5502E+09  1,9327E+07 -3,1420E+07
0000510   3,5501E+09 -2,1840E+07  9,5054E+06
0000511   3,5502E+09  6,1034E+05 -4,1997E+05
0000512   3,5502E+09 -4,7377E+06  2,6355E+07
0000513   3,5501E+09 -2,1109E+06 -6,9975E+07
0000514   3,5501E+09  6,9254E+06 -8,3719E+06
0000515   3,5501E+09 -1,4954E+06 -9,8694E+06
0000516   3,5501E+09  1,9521E+07  1,0294E+07
0000517   3,5501E+09 -3,0025E+06  1,1839E+06
0000518   3,5502E+09  1,4985E+07 -1,4528E+07
0000519   3,5501E+09 -1,1941E+07 -2,8286E+05
0000520   3,5502E+09  3,2586E+06  2,1051E+07
0000521   3,5501E+09 -2,8286E+07  1,5732E+07
0000522   3,5501E+09  3,9511E+07 -5,7912E+06
0000523   3,5501E+09 -2,6066E+07 -1,3055E+06
0000524   3,5502E+09  7,8260E+06  1,5632E+06
0000525   3,5501E+09  1,2231E+07  1,1495E+07
0000526   3,5501E+09  9,1006E+06  2,4136E+07
0000527   3,5501E+09 -1,6799E+05  2,8103E+05
0000528   3,5502E+09 -6,9428E+06 -1,3839E+07
0000529   3,5502E+09  2,0058E+07  4,0518E+06
0000530   3,5502E+09 -2,5300E+06  8,2984E+06
0000531   3,5502E+09 -1,3208E+07  2,0381E+07
0000532   3,5502E+09 -3,8205E+06  1,2921E+07
0000533   3,5501E+09 -3,9374E+06  4,7932E+06
0000534   3,5501E+09 -3,2186E+06  1,3196E+07
0000535   3,5501E+09 -1,7536E+07 -6,3263E+06
0000536   3,5501E+09  1,7180E+07 -2,3380E+07
0000537   3,5502E+09 -2,5115E+07  2,4178E+06
0000538   3,5502E+09 -2,8593E+07 -4,2206E+07
0000539   3,5502E+09 -2,9500E+07  1,3544E+07
0000540   3,5502E+09 -2,9495E+06  1,2036E+06
0000541   3,5502E+09 -1,5876E+07 -2,0404E+07
0000542   3,5502E+09 -1,9650E+07  4,0973E+06
0000543   3,5501E+09  1,1208E+07  7,6907E+07
0000544   3,5502E+09  4,8846E+07 -1,2818E+08
0000545   3,5501E+09 -3,0408E+06  1,0302E+07
0000546   3,5501E+09 -1,5150E+07 -1,7652E+07
0000547   3,5502E+09  2,2666E+07 -3,1210E+06
0000548   3,5502E+09  3,3407E+06 -5,7882E+05
0000549   3,5501E+09 -2,9780E+07  1,6667E+07
0000550   3,5501E+09 -3,9604E+06  1,7160E+07
0000551   3,5502E+09  2,0325E+07 -2,1017E+07
0000552   3,5501E+09 -4,2367E+07  2,2567E+07
0000553   3,5501E+09  2,9899E+07  1,8697E+07
0000554   3,5502E+09 -1,8046E+06  2,8883E+07
0000555   3,5501E+09 -1,2447E+07  1,3987E+07
0000556   3,5502E+09 -3,3310E+07  6,1273E+06
0000557   3,5501E+09  3,6590E+07  5,5338E+07
0000558   3,5501E+09 -1,7506E+07 -1,1109E+07
0000559   3,5501E+09 -5,1940E+06  1,0694E+06
0000560   3,5501E+09 -1,9118E+06  3,0673E+05
0000561   3,5501E+09  3,7007E+07 -8,3830E+06
0000562   3,5502E+09 -2,6826E+07 -2,0330E+05
0000563   3,5501E+09  3,1685E+06 -2,3359E+07
0000564   3,5502E+09 -6,7493E+06 -1,6841E+07
0000565   3,5501E+09  1,0178E+07  2,4560E+06
0000566   3,5501E+09 -5,0109E+07 -1,6408E+07
0000567   3,5501E+09 -3,9591E+07  1,3970E+07
0000568   3,5502E+09 -1,2323E+06  9,8468E+06
0000569   3,5501E+09 -1,8092E+07  5,6833E+06
0000570   3,5501E+09  3,1803E+07 -8,7651E+07
0000571   3,5502E+09 -1,9384E+07  2,3857E+06
0000572   3,5501E+09 -2,6339E+07  3,1256E+07
0000573   3,5501E+09  2,4053E+07  2,3618E+07
0000574   3,5501E+09 -1,9046E+07 -6,7345E+06
0000575   3,5501E+09  1,4861E+07  1,5099E+07
0000576   3,5501E+09  5,4495E+06 -3,8301E+07
0000577   3,5502E+09 -3,9735E+06  8,6313E+06
0000578   3,5502E+09  1,9437E+07 -2,1013E+07
0000579   3,5502E+09 -1,0562E+07  9,0345E+06
0000580   3,5501E+09  4,4756E+07  1,3082E+07
0000581   3,5501E+09 -2,3841E+07 -2,4770E+07
0000582   3,5502E+09  3,1953E+07 -1,5614E+06
0000583   3,5502E+09 -2,8327E+06 -3,9724E+07
0000584   3,5502E+09  3,1628E+06  6,0938E+06
0000585   3,5501E+09  2,3990E+07 -4,5388E+07
0000586   3,5502E+09 -6,0869E+06 -1,8669E+06
0000587   3,5502E+09 -3,1749E+05 -2,4307E+06
0000588   3,5501E+09 -1,2307E+07 -3,4410E+06
0000589   3,5502E+09 -1,6622E+06 -3,3083E+07
0000590   3,5502E+09 -1,9589E+06  9,0395E+06
0000591   3,5501E+09 -8,8061E+06  2,5717E+06
0000592   3,5501E+09  7,1092E+05 -1,6718E+07
0000593   3,5501E+09 -1,7292E+07 -1,5599E+07
0000594   3,5501E+09  4,9086E+07 -5,7645E+07
0000595   3,5502E+09  6,0046E+06  7,1609E+06
0000596   3,5501E+09  7,9237E+06  7,8128E+06
0000597   3,5502E+09 -2,0152E+07 -2,5167E+07
0000598   3,5501E+09 -3,7856E+06 -1,3492E+07
0000599   3,5501E+09  3,5416E+06  1,8030E+07
0000600   3,5501E+09 -2,3400E+07  2,7142E+07
0000601   3,5501E+09  9,0372E+06  3,4247E+06
0000602   3,5501E+09 -2,0401E+07  3,0665E+07
0000603   3,5501E+09 -7,5787E+06  9,2021E+06
0000604   3,5501E+09 -1,9880E+07  1,5022E+07
0000605   3,5501E+09  1,1536E+07  3,2525E+07
0000606   3,5502E+09 -1,3768E+07 -2,5866E+07
0000607   3,5501E+09 -1,8063E+07 -2,7553E+07
0000608   3,5502E+09  3,9878E+06  1,6011E+07
0000609   3,5501E+09  1,6465E+07  1,0642E+07
0000610   3,5501E+09  6,1879E+06  9,5413E+06
0000611   3,5501E+09  3,6293E+07 -2,1595E+07
0000612   3,5501E+09 -1,5055E+07 -3,9703E+07
0000613   3,5501E+09 -4,0667E+07  1,1639E+07
0000614   3,5501E+09  7,9964E+06 -4,2979E+06
0000615   3,5502E+09  2,2797E+07 -1,4671E+07
0000616   3,5502E+09 -2,2203E+07  3,3605E+07
0000617   3,5502E+09 -3,1611E+06 -2,4004E+07
0000618   3,5501E+09  4,8555E+07  2,5848E+07
0000619   3,5501E+09 -2,3674E+07  2,8730E+07
0000620   3,5502E+09 -2,9742E+07  1,7797E+07
0000621   3,5502E+09  1,0417E+06 -1,5200E+07
0000622   3,5502E+09 -7,3866E+06 -1,2222E+07
0000623   3,5502E+09 -9,4634E+06 -2,8890E+07
0000624   3,5502E+09 -6,0665E+06 -1,9919E+04
0000625   3,5502E+09  1,2179E+07  1,3857E+07
0000626   3,5501E+09 -4,6027E+06 -1,9244E+07
0000627   3,5501E+09 -6,9800E+06  1,4757E+07
0000628   3,5501E+09  3,4612E+07 -4,8538E+07
0000629   3,5502E+09 -3,9021E+07 -1,9115E+07
0000630   3,5501E+09  4,7343E+07  1,3761E+07
0000631   3,5502E+09  1,3119E+07 -3,4390E+07
0000632   3,5501E+09 -1,5498E+07 -3,7829E+07
0000633   3,5502E+09 -1,5715E+07 -2,1671E+07
0000634   3,5501E+09  1,5788E+06 -9,1670E+06
0000635   3,5502E+09  2,1134E+07  2,4326E+07
0000636   3,5501E+09  6,8237E+07 -4,4610E+07
0000637   3,5501E+09  1,5561E+07  1,0233E+07
0000638   3,5501E+09  1,7312E+07  7,8904E+06
0000639   3,5502E+09  4,4281E+07  1,0696E+08
0000640   3,5501E+09 -1,3807E+07  7,4140E+06
0000641   3,5501E+09  6,9582E+06 -1,6735E+07
0000642   3,5501E+09 -2,7326E+07  1,0928E+07
0000643   3,5502E+09  1,1900E+07 -1,7327E+07
0000644   3,5501E+09  1,1014E+07 -1,9063E+06
0000645   3,5501E+09  1,7656E+07  1,9443E+07
0000646   3,5501E+09  3,9582E+07  1,9377E+07
0000647   3,5501E+09  1,5808E+07  7,3318E+06
0000648   3,5502E+09 -7,3077E+06  4,8389E+07
0000649   3,5501E+09 -2,2217E+07  1,1517E+07
0000650   3,5502E+09  4,6867E+07 -2,0913E+07
0000651   3,5501E+09 -1,6252E+07  1,1401E+07
0000652   3,5501E+09  4,0107E+06 -8,1665E+06
0000653   3,5502E+09 -1,9157E+07  4,3517E+06
0000654   3,5501E+09  5,3101E+06  2,0060E+07
0000655   3,5502E+09  6,5647E+06 -4,9438E+06
0000656   3,5501E+09 -1,5021E+07  1,6373E+07
0000657   3,5502E+09  3,3471E+06  2,5923E+07
0000658   3,5502E+09 -6,8406E+06 -4,7476E+06
0000659   3,5502E+09  8,9000E+06  3,7337E+06
0000660   3,5502E+09  1,4069E+06  5,0490E+06
0000661   3,5502E+09  1,9398E+07  4,3589E+07
0000662   3,5502E+09 -4,6531E+06  5,8782E+06
0000663   3,5502E+09 -4,6575E+07 -2,3224E+07
0000664   3,5501E+09 -4,8377E+06 -1,6434E+07
0000665   3,5501E+09 -2,1862E+07  1,7758E+07
0000666   3,5501E+09  1,6323E+06  7,8128E+07
0000667   3,5501E+09 -1,9451E+05  2,2441E+06
0000668   3,5501E+09  3,9788E+06 -2,8585E+07
0000669   3,5502E+09  8,5818E+06  1,6428E+07
0000670   3,5501E+09 -3,0399E+07  1,7818E+06
0000671   3,5502E+09  1,9440E+07 -3,8143E+06
0000672   3,5501E+09  4,1394E+05  5,6415E+05
0000673   3,5502E+09 -1,5818E+07  1,7337E+07
0000674   3,5502E+09 -8,2432E+06 -2,5660E+07
0000675   3,5502E+09  1,9464E+07 -4,3558E+07
0000676   3,5501E+09  1,1342E+07  7,0930E+05
0000677   3,5502E+09  2,3204E+07 -3,8965E+06
0000678   3,5502E+09  2,7474E+07 -5,5864E+07
0000679   3,5501E+09  2,0854E+07  1,0713E+07
0000680   3,5502E+09 -2,3438E+06 -1,7555E+07
0000681   3,5501E+09  9,5398E+06  3,9979E+06
0000682   3,5501E+09  3,6583E+07 -1,7259E+07
0000683   3,5502E+09 -5,1149E+07  7,2162E+06
0000684   3,5501E+09  8,5964E+06 -7,0035E+07
0000685   3,5502E+09 -1,0884E+07 -5,2950E+06
0000686   3,5502E+09  3,7551E+07  5,7155E+07
0000687   3,5501E+09  1,9837E+07 -3,0782E+06
0000688   3,5501E+09 -1,3613E+07 -5,7516E+06
0000689   3,5501E+09 -1,0416E+07  2,5453E+07
0000690   3,5502E+09 -2,9601E+07  1,4544E+07
0000691   3,5501E+09  8,0388E+05 -8,3966E+06
0000692   3,5502E+09  2,1936E+07 -1,4136E+07
0000693   3,5501E+09 -2,0549E+07  2,5137E+06
0000694   3,5502E+09  1,0862E+06 -5,0657E+07
0000695   3,5501E+09  3,7122E+07  2,1069E+07
0000696   3,5501E+09 -2,3516E+07  1,2726E+07
0000697   3,5502E+09  2,1370E+07 -7,1995E+06
0000698   3,5501E+09  4,2067E+07 -1,1272E+07
0000699   3,5501E+09 -6,1099E+07  7,0947E+06
0000700   3,5502E+09  1,2675E+06 -1,5101E+07
0000701   3,5502E+09 -8,0554E+06  1,5028E+07
0000702   3,5501E+09  1,1707E+07 -2,1367E+07
0000703   3,5501E+09 -1,9938E+06  4,2263E+05
0000704   3,5501E+09 -6,9222E+06  2,5143E+07
0000705   3,5502E+09 -5,7777E+06 -7,9283E+06
0000706   3,5502E+09 -1,5621E+07  2,6138E+07
0000707   3,5502E+09 -2,4392E+07  6,1925E+06
0000708   3,5502E+09  1,6636E+07 -1,9104E+06
0000709   3,5502E+09 -1,3859E+07  3,4170E+07
0000710   3,5501E+09 -3,7286E+07 -4,3937E+07
0000711   3,5501E+09  2,0031E+07  5,0604E+06
0000712   3,5502E+09  3,1898E+06  1,9013E+07
0000713   3,5502E+09  1,3728E+07 -3,1877E+07
0000714   3,5502E+09  2,2387E+05 -2,5502E+07
0000715   3,5502E+09  7,6706E+07 -1,5684E+07
0000716   3,5502E+09 -5,6356E+06 -2,0346E+07
0000717   3,5501E+09 -2,3368E+07 -5,2269E+06
0000718   3,5502E+09 -1,2866E+07 -7,1463E+06
0000719   3,5501E+09  1,1481E+06  8,1340E+06
0000720   3,5501E+09  1,8289E+06  4,8222E+06
0000721   3,5502E+09 -1,3227E+07  2,7570E+06
0000722   3,5502E+09 -2,2590E+07  2,4621E+07
0000723   3,5501E+09  7,5755E+06  1,6862E+07
0000724   3,5501E+09  1,1709E+07  4,2630E+06
0000725   3,5501E+09 -1,0814E+08 -1,5000E+08
0000726   3,5502E+09  2,1056E+07 -1,1218E+07
0000727   3,5501E+09 -3,7442E+07  8,6494E+07
0000728   3,5501E+09  2,1024E+07  3,5396E+07
0000729   3,5501E+09 -8,9526E+07  4,2041E+07
0000730   3,5501E+09 -5,4897E+07  1,7197E+07
0000731   3,5502E+09 -2,6241E+07  1,2629E+07
0000732   3,5502E+09  1,4680E+06 -3,9423E+07
0000733   3,5501E+09 -1,6316E+07  1,1955E+07
0000734   3,5502E+09  8,2676E+06  1,2317E+06
0000735   3,5501E+09  6,4337E+06  1,2417E+07
0000736   3,5501E+09  6,6235E+05 -1,8473E+07
0000737   3,5501E+09  5,8988E+07  1,9660E+07
0000738   3,5501E+09  1,7184E+07  4,8880E+06
0000739   3,5501E+09 -1,7367E+07 -1,2454E+06
0000740   3,5501E+09 -5,4521E+06 -1,9808E+07
0000741   3,5502E+09 -1,0959E+06  3,2422E+07
0000742   3,5502E+09  1,3826E+07 -3,6886E+07
0000743   3,5501E+09 -1,5198E+07  1,2269E+07
0000744   3,5502E+09  4,4831E+05  2,4893E+06
0000745   3,5502E+09  3,2671E+07 -9,9474E+06
0000746   3,5501E+09 -9,0329E+06 -3,0198E+05
0000747   3,5502E+09  2,1789E+06  1,8133E+07
0000748   3,5501E+09 -1,5963E+07 -1,7833E+07
0000749   3,5502E+09  4,3591E+07 -7,5477E+06
0000750   3,5502E+09 -9,1133E+06 -1,0106E+07
0000751   3,5502E+09 -1,9421E+07  3,1315E+07
0000752   3,5501E+09 -5,6202E+06  5,8039E+06
0000753   3,5501E+09 -3,0772E+07  2,8506E+07
0000754   3,5502E+09 -1,3368E+07 -2,9095E+07
0000755   3,5502E+09  1,1633E+07  2,2310E+07
0000756   3,5502E+09 -3,7764E+06  9,2365E+06
0000757   3,5502E+09 -3,7115E+06  7,9803E+06
0000758   3,5502E+09 -1,0219E+07 -4,5492E+07
0000759   3,5501E+09  3,3882E+07  2,6234E+07
0000760   3,5502E+09  6,6434E+07 -1,6479E+07
0000761   3,5501E+09  5,9759E+06  2,4393E+07
0000762   3,5501E+09  3,2767E+06 -1,2489E+07
0000763   3,5502E+09  1,7603E+07 -1,6489E+07
0000764   3,5501E+09 -5,7562E+06  4,5969E+06
0000765   3,5502E+09  2,1642E+06  3,0228E+07
0000766   3,5501E+09 -4,9897E+06  8,2467E+07
0000767   3,5501E+09 -6,2710E+05 -1,0604E+07
0000768   3,5502E+09 -2,7075E+07 -1,2479E+07
0000769   3,5501E+09  4,1295E+06 -6,0985E+06
0000770   3,5501E+09 -1,6064E+07 -1,5919E+07
0000771   3,5502E+09  4,3443E+07  1,2708E+07
0000772   3,5501E+09 -2,7739E+07  3,4144E+07
0000773   3,5501E+09 -1,4214E+07  2,9448E+07
0000774   3,5502E+09 -1,4533E+07 -2,3978E+07
0000775   3,5501E+09  1,2426E+07 -2,2420E+07
0000776   3,5502E+09  7,6611E+06 -2,5469E+07
0000777   3,5501E+09 -6,3751E+06 -4,6823E+06
0000778   3,5501E+09 -2,4394E+07 -6,0597E+07
0000779   3,5501E+09  2,5109E+07 -5,4475E+06
0000780   3,5501E+09 -9,2480E+06  6,0245E+06
0000781   3,5502E+09  1,8530E+07  1,9315E+07
0000782   3,5502E+09 -3,2645E+07 -2,3794E+06
0000783   3,5502E+09 -7,8589E+06 -3,2826E+06
0000784   3,5502E+09  4,5937E+06  6,6463E+06
0000785   3,5502E+09 -6,8005E+06 -1,1361E+07
0000786   3,5501E+09 -4,9697E+06 -4,0253E+07
0000787   3,5501E+09 -3,4787E+07  2,0283E+06
0000788   3,5501E+09 -2,3927E+07  9,9149E+06
0000789   3,5501E+09  9,3023E+06  4,9251E+06
0000790   3,5501E+09  1,2799E+06 -4,7592E+06
0000791   3,5502E+09 -1,8060E+07  2,6637E+07
0000792   3,5501E+09  2,0773E+07  7,9303E+06
0000793   3,5502E+09  1,7328E+07  6,3343E+06
0000794   3,5501E+09  5,5101E+06 -2,1619E+07
0000795   3,5501E+09 -3,1033E+06  1,0984E+07
0000796   3,5501E+09  9,7706E+06  1,3234E+07
0000797   3,5501E+09  2,9494E+07 -6,8059E+06
0000798   3,5501E+09  4,7344E+07 -2,2119E+06
0000799   3,5502E+09  4,2759E+06  6,3944E+06
0000800   3,5502E+09  3,0009E+06 -1,0059E+07
0000801   3,5501E+09 -4,3351E+06 -3,7611E+06
0000802   3,5501E+09 -2,2922E+06  5,7980E+06
0000803   3,5501E+09 -6,4427E+06 -1,1456E+07
0000804   3,5501E+09  1,5611E+07 -2,5359E+07
0000805   3,5501E+09  6,2475E+07  1,9322E+07
0000806   3,5502E+09  1,0746E+07 -3,5549E+07
0000807   3,5501E+09  5,1352E+07  2,6642E+07
0000808   3,5501E+09  3,1640E+07  1,6804E+07
0000809   3,5501E+09  1,7193E+07  1,0091E+07
0000810   3,5502E+09 -2,8783E+07  3,1820E+07
0000811   3,5502E+09 -1,0877E+07 -1,6315E+07
0000812   3,5501E+09  3,8085E+06  2,9102E+07
0000813   3,5502E+09  3,7526E+07  2,7377E+07
0000814   3,5501E+09  7,4871E+06  1,5694E+07
0000815   3,5501E+09 -1,9973E+06 -2,3701E+07
0000816   3,5501E+09  1,3768E+08  7,4791E+07
0000817   3,5501E+09  2,1075E+07  8,9256E+06
0000818   3,5502E+09  2,0795E+07 -5,7038E+06
0000819   3,5501E+09 -2,5968E+07  3,3189E+07
0000820   3,5501E+09 -1,4065E+07  4,6787E+06
0000821   3,5501E+09  3,0287E+07 -4,8397E+07
0000822   3,5502E+09  3,8003E+06  1,3305E+07
0000823   3,5502E+09  1,8122E+07 -6,6150E+04
0000824   3,5502E+09 -2,7732E+06  1,3820E+07
0000825   3,5501E+09 -1,3493E+07  7,0810E+06
0000826   3,5501E+09  3,2583E+06  1,3716E+07
0000827   3,5501E+09  1,7344E+07 -8,7825E+06
0000828   3,5502E+09  3,2735E+06 -7,2325E+06
0000829   3,5501E+09 -4,9732E+06  1,2308E+06
0000830   3,5502E+09  3,1925E+07 -3,3840E+06
0000831   3,5502E+09  1,9538E+07  2,1124E+07
0000832   3,5502E+09  2,2410E+07 -8,1410E+06
0000833   3,5501E+09  2,3185E+07  1,1149E+07
0000834   3,5502E+09 -3,3942E+06  2,7793E+07
0000835   3,5502E+09 -3,4752E+06  2,2549E+07
0000836   3,5502E+09  1,1503E+07 -3,1366E+07
0000837   3,5501E+09 -2,0072E+06  9,1308E+06
0000838   3,5501E+09 -3,1709E+07  2,9725E+07
0000839   3,5502E+09 -1,3748E+06 -2,2971E+07
0000840   3,5502E+09 -3,7974E+07 -3,5884E+07
0000841   3,5501E+09 -3,9863E+06 -3,9333E+07
0000842   3,5501E+09  4,0801E+06 -5,7214E+07
0000843   3,5501E+09 -1,6597E+07  2,7047E+07
0000844   3,5501E+09 -2,9082E+05  1,3429E+07
0000845   3,5502E+09 -9,9228E+06  2,9559E+07
0000846   3,5502E+09 -3,5851E+07 -9,9340E+06
0000847   3,5502E+09 -1,2048E+07 -6,3170E+06
0000848   3,5501E+09 -8,5960E+06 -1,2329E+07
0000849   3,5501E+09  3,3502E+06 -9,9843E+06
0000850   3,5501E+09  2,9215E+07  1,0028E+07
0000851   3,5502E+09 -4,4327E+06  2,1456E+06
0000852   3,5502E+09 -2,5550E+07 -2,9619E+07
0000853   3,5502E+09  2,0126E+07 -9,8875E+06
0000854   3,5502E+09 -2,1249E+07 -4,8948E+06
0000855   3,5501E+09  3,7761E+05 -6,3444E+06
0000856   3,5501E+09  3,0711E+07  2,2617E+07
0000857   3,5502E+09 -5,4234E+06  3,4737E+07
0000858   3,5501E+09  1,1628E+07 -2,6935E+07
0000859   3,5502E+09 -1,3706E+07 -4,7555E+06
0000860   3,5502E+09 -7,5516E+06  1,3552E+07
0000861   3,5502E+09  1,9196E+06 -2,0333E+07
0000862   3,5502E+09  1,5330E+07  1,9275E+07
0000863   3,5501E+09 -2,0100E+06 -2,3459E+07
0000864   3,5502E+09  1,3160E+07  1,3622E+07
0000865   3,5501E+09  2,5341E+06 -2,6767E+07
0000866   3,5501E+09 -2,6934E+06 -3,1660E+05
0000867   3,5502E+09  4,3420E+07 -1,6781E+07
0000868   3,5501E+09  3,5731E+06  2,3213E+07
0000869   3,5502E+09  1,1028E+07 -2,1528E+06
0000870   3,5502E+09  4,0780E+05  3,0805E+07
0000871   3,5502E+09 -2,4709E+07  9,3811E+06
0000872   3,5501E+09 -1,5770E+07  1,8192E+07
0000873   3,5501E+09 -1,1236E+07 -2,8085E+07
0000874   3,5502E+09 -9,3822E+06 -1,6827E+07
0000875   3,5501E+09  1,7348E+06  3,2145E+07
0000876   3,5501E+09  3,1012E+07  1,8003E+06
0000877   3,5501E+09 -5,6144E+06  1,8731E+07
0000878   3,5501E+09 -9,4552E+05 -1,8513E+07
0000879   3,5501E+09  1,2454E+07 -1,3708E+07
0000880   3,5502E+09 -8,4894E+06  4,8805E+06
0000881   3,5501E+09  1,1931E+06  2,6579E+07
0000882   3,5502E+09  1,9874E+07 -2,1553E+06
0000883   3,5502E+09  1,9058E+07 -7,7444E+06
0000884   3,5502E+09  1,6173E+07 -1,1785E+07
0000885   3,5502E+09  5,5561E+05 -2,8648E+07
0000886   3,5502E+09  7,7289E+06  3,3331E+06
0000887   3,5502E+09  1,4942E+07  2,9817E+07
0000888   3,5502E+09  1,4211E+07 -1,9449E+07
0000889   3,5501E+09  3,0598E+07  9,8370E+06
0000890   3,5501E+09 -2,5763E+07  1,2174E+06
0000891   3,5501E+09 -1,2764E+07  1,1417E+07
0000892   3,5502E+09  2,7588E+07  2,4217E+07
0000893   3,5502E+09 -4,4171E+06  4,8718E+06
0000894   3,5501E+09 -3,1656E+07  2,5160E+07
0000895   3,5502E+09  7,8406E+06 -3,5717E+07
0000896   3,5501E+09  1,1184E+07  4,9058E+05
0000897   3,5501E+09 -1,0586E+07  3,4275E+07
0000898   3,5501E+09 -1,0869E+07 -4,6849E+07
0000899   3,5501E+09  1,2426E+06 -2,6414E+07
0000900   3,5501E+09 -6,7334E+06 -1,0644E+07
0000901   3,5501E+09 -5,2472E+07 -3,2449E+07
0000902   3,5501E+09  1,7915E+07  1,8586E+06
0000903   3,5502E+09  2,0839E+07 -1,2294E+07
0000904   3,5502E+09 -4,0066E+06  2,4633E+07
0000905   3,5502E+09  1,3582E+07 -3,5532E+07
0000906   3,5501E+09  8,8332E+06  1,0404E+07
0000907   3,5502E+09 -1,6844E+07 -1,7544E+06
0000908   3,5501E+09  2,4383E+06  3,2810E+07
0000909   3,5502E+09 -2,9124E+07 -7,6786E+06
0000910   3,5501E+09 -8,8944E+06  2,6678E+06
0000911   3,5502E+09  2,1393E+06  1,0086E+06
0000912   3,5501E+09  3,7452E+07  1,7945E+07
0000913   3,5501E+09 -2,3205E+07  1,5235E+07
0000914   3,5501E+09 -1,3643E+07  2,6445E+07
0000915   3,5502E+09  1,5821E+07  1,8258E+07
0000916   3,5501E+09 -5,9690E+07 -8,9379E+06
0000917   3,5501E+09 -1,2511E+07  1,1261E+06
0000918   3,5502E+09 -6,2727E+06 -3,9233E+06
0000919   3,5502E+09 -2,8860E+07 -2,0002E+07
0000920   3,5501E+09  1,5005E+07  8,9284E+06
0000921   3,5502E+09  7,0808E+06 -9,0250E+06
0000922   3,5501E+09 -8,6197E+06 -1,1839E+07
0000923   3,5502E+09  4,1890E+07 -1,1339E+07
0000924   3,5501E+09  7,2791E+06  2,6169E+07
0000925   3,5502E+09  1,2843E+07  5,7701E+06
0000926   3,5502E+09  8,6976E+06  3,7935E+07
0000927   3,5502E+09  6,9875E+06  1,4196E+07
0000928   3,5501E+09 -1,5561E+07 -5,0871E+06
0000929   3,5501E+09  4,0056E+07  5,1246E+07
0000930   3,5501E+09  6,0916E+07  6,2133E+07
0000931   3,5502E+09  2,1292E+07 -1,4324E+07
0000932   3,5502E+09  9,7147E+06  1,6809E+07
0000933   3,5501E+09  7,6989E+06 -1,8481E+06
0000934   3,5502E+09 -2,4211E+07  5,0672E+07
0000935   3,5501E+09 -2,8215E+06 -9,1891E+06
0000936   3,5501E+09  1,7104E+07  5,3809E+06
0000937   3,5502E+09  7,6335E+06 -1,5480E+07
0000938   3,5501E+09 -1,4222E+07  1,2466E+07
0000939   3,5501E+09  3,3070E+07 -3,8186E+07
0000940   3,5502E+09  4,5917E+05  1,1903E+07
0000941   3,5502E+09  1,0329E+07  6,2029E+06
0000942   3,5502E+09 -8,2660E+06  1,3966E+07
0000943   3,5502E+09  1,3556E+07 -2,4854E+06
0000944   3,5502E+09  2,7566E+07  8,1633E+06
0000945   3,5501E+09  4,6223E+07  5,1931E+07
0000946   3,5502E+09  1,7238E+07  1,8751E+07
0000947   3,5501E+09  3,2289E+07 -7,6859E+06
0000948   3,5501E+09  1,4556E+07  2,6363E+07
0000949   3,5501E+09 -8,8406E+07 -1,4818E+07
0000950   3,5501E+09 -4,4426E+07 -1,2346E+07
0000951   3,5502E+09  1,5442E+07  2,9865E+06
0000952   3,5502E+09 -7,3497E+06 -3,5863E+05
0000953   3,5502E+09  7,9806E+06 -1,8995E+06
0000954   3,5501E+09  1,7475E+07  1,6613E+07
0000955   3,5502E+09 -2,6194E+06  5,9088E+06
0000956   3,5501E+09 -4,0075E+05  6,6356E+06
0000957   3,5502E+09  1,6140E+07  2,8363E+05
0000958   3,5502E+09 -6,0460E+07  2,1262E+07
0000959   3,5501E+09  1,9728E+07 -4,7685E+06
0000960   3,5501E+09  1,5823E+06 -1,4466E+06
0000961   3,5501E+09 -4,0848E+07  1,1614E+07
0000962   3,5502E+09 -3,4034E+07 -2,6617E+07
0000963   3,5502E+09 -6,3611E+05  2,5145E+07
0000964   3,5501E+09 -2,8278E+07  1,3642E+07
0000965   3,5501E+09 -2,6858E+07  1,9066E+07
0000966   3,5501E+09  5,8944E+06 -1,8803E+06
0000967   3,5501E+09  5,7600E+06  2,2525E+05
0000968   3,5501E+09 -8,6429E+06 -3,5566E+07
0000969   3,5502E+09  1,8300E+07  1,1455E+07
0000970   3,5501E+09  1,0700E+07 -3,5120E+06
0000971   3,5502E+09 -2,7828E+07  1,6935E+07
0000972   3,5502E+09 -1,4728E+07  7,8395E+06
0000973   3,5501E+09  1,0725E+07  2,0710E+06
0000974   3,5501E+09  5,2596E+07  3,2593E+07
0000975   3,5502E+09  2,6935E+07 -1,0176E+07
0000976   3,5502E+09 -3,1586E+06 -9,6639E+06
0000977   3,5502E+09  4,1200E+07 -1,5355E+07
0000978   3,5502E+09 -1,2883E+07 -1,7654E+07
0000979   3,5501E+09 -8,2969E+06  8,2585E+06
0000980   3,5501E+09  1,9189E+06  9,3005E+06
0000981   3,5501E+09  4,6400E+05 -5,4647E+06
0000982   3,5501E+09  3,1883E+06 -5,9522E+03
0000983   3,5501E+09  1,3712E+07 -3,7200E+07
0000984   3,5502E+09  1,0546E+07  1,8390E+07
0000985   3,5502E+09  3,7586E+07 -2,4712E+07
0000986   3,5501E+09 -4,6412E+06 -2,6580E+07
0000987   3,5501E+09 -1,9576E+07 -1,8017E+07
0000988   3,5501E+09  1,9874E+07 -3,7595E+07
0000989   3,5501E+09 -1,6964E+07  1,4347E+06
0000990   3,5501E+09 -2,6244E+07  1,5098E+07
0000991   3,5501E+09 -1,1923E+07 -3,2556E+06
0000992   3,5502E+09  1,6060E+07  1,8454E+07
0000993   3,5501E+09 -9,0245E+07  2,0669E+07
0000994   3,5502E+09  1,8169E+07 -1,0244E+07
0000995   3,5502E+09  1,6826E+07  2,2431E+07
0000996   3,5502E+09 -2,6507E+07 -8,9144E+06
0000997   3,5501E+09  5,8015E+06  2,0534E+07
0000998   3,5501E+09  4,2004E+06 -5,4694E+06
0000999   3,5501E+09  9,2541E+06  9,9259E+06
0001000   3,5502E+09 -3,4814E+06 -4,3448E+07
0001001   3,5501E+09 -1,8682E+06  5,9100E+06
0001002   3,5501E+09 -1,9908E+07 -1,2172E+07
0001003   3,5501E+09  1,0002E+07 -3,0727E+06
0001004   3,5502E+09  9,3371E+06 -8,9244E+06
0001005   3,5502E+09  2,3568E+07  3,5338E+07
0001006   3,5502E+09  9,6350E+06  4,1623E+07
0001007   3,5502E+09  7,6214E+06 -1,1068E+07
0001008   3,5501E+09  2,8190E+07  4,6609E+06
0001009   3,5502E+09  1,9501E+05  1,2779E+07
0001010   3,5502E+09  4,2104E+07  2,4520E+07
0001011   3,5502E+09  8,1181E+05  1,2498E+07
0001012   3,5501E+09 -1,7722E+06  2,9643E+07
0001013   3,5501E+09 -7,1103E+06 -1,4559E+07
0001014   3,5501E+09  4,9197E+06  1,2106E+07
0001015   3,5501E+09 -1,7604E+07  1,1288E+07
0001016   3,5502E+09 -4,6782E+07  3,0120E+07
0001017   3,5502E+09  1,3160E+07  2,5736E+07
0001018   3,5501E+09 -1,4372E+08 -4,6238E+08
0001019   3,5502E+09 -1,0984E+07 -4,7718E+06
0001020   3,5501E+09  4,2478E+06  2,9535E+06
0001021   3,5502E+09  2,9569E+07 -1,6587E+07
0001022   3,5501E+09 -2,3073E+07  2,0350E+06
0001023   3,5502E+09 -2,3051E+07 -5,7904E+06
0001024   3,5501E+09 -4,4613E+07 -2,4995E+07
0001025   3,5501E+09  1,8599E+07 -1,1779E+07
0001026   3,5501E+09 -1,3166E+07  4,3686E+06
0001027   3,5502E+09 -2,1022E+07 -3,6271E+06
0001028   3,5502E+09 -1,2252E+07 -1,4685E+06
0001029   3,5501E+09  1,3430E+07  4,7013E+06
0001030   3,5502E+09 -1,7571E+07 -6,0491E+06
0001031   3,5501E+09  2,8904E+07 -3,3904E+07
0001032   3,5501E+09 -2,6037E+07 -3,9822E+07
0001033   3,5501E+09 -1,1310E+07 -3,2727E+07
0001034   3,5502E+09 -6,4621E+06  3,5479E+06
0001035   3,5501E+09  3,7301E+07  7,6736E+06
0001036   3,5501E+09 -1,2322E+07  3,1481E+06
0001037   3,5502E+09 -2,2557E+07 -3,9624E+06
0001038   3,5501E+09 -3,1642E+07  4,5610E+06
0001039   3,5502E+09  6,2572E+06  1,4640E+07
0001040   3,5501E+09 -3,1120E+07  2,9219E+07
0001041   3,5501E+09 -3,5645E+07  8,0269E+06
0001042   3,5502E+09 -3,1528E+07 -2,1736E+06
0001043   3,5502E+09  1,6845E+07 -2,1207E+07
0001044   3,5502E+09  4,1492E+06  2,7423E+07
0001045   3,5501E+09  3,0484E+07 -1,6236E+07
0001046   3,5501E+09  1,3315E+07 -6,6820E+06
0001047   3,5501E+09 -2,3398E+07  4,8032E+06
0001048   3,5502E+09  1,8327E+07 -2,0093E+07
0001049   3,5501E+09  1,2817E+08 -1,3446E+08
0001050   3,5501E+09  1,4504E+07  2,0095E+07
0001051   3,5501E+09  1,0464E+07  1,9091E+07
0001052   3,5502E+09 -4,4733E+07  1,3634E+07
0001053   3,5501E+09  1,9950E+07 -2,1016E+07
0001054   3,5502E+09  8,1164E+06  5,0126E+07
0001055   3,5501E+09 -7,5460E+06  1,3083E+06
0001056   3,5501E+09  2,3517E+07 -2,7504E+07
0001057   3,5501E+09 -5,6755E+07  1,4961E+07
0001058   3,5502E+09  2,1007E+07  6,0796E+06
0001059   3,5501E+09  1,5354E+07 -1,3745E+06
0001060   3,5502E+09  1,2050E+07 -9,7036E+06
0001061   3,5502E+09  2,2854E+07  2,7452E+07
0001062   3,5501E+09 -2,3609E+07 -2,8384E+07
0001063   3,5502E+09  1,2175E+07 -2,3791E+07
0001064   3,5501E+09 -1,0717E+07  2,9793E+07
0001065   3,5502E+09 -7,1398E+06  1,2800E+07
0001066   3,5501E+09 -2,9665E+07 -1,6653E+07
0001067   3,5502E+09 -1,1439E+05 -1,4415E+07
0001068   3,5501E+09  1,2398E+07  8,6372E+06
0001069   3,5502E+09  2,0450E+07  1,2315E+06
0001070   3,5501E+09  3,5573E+07 -1,7056E+07
0001071   3,5501E+09  1,0610E+07  4,9264E+06
0001072   3,5502E+09  1,0951E+07  5,1061E+06
0001073   3,5502E+09  1,8978E+07  4,5860E+06
0001074   3,5501E+09 -2,3753E+07 -1,7161E+07
0001075   3,5501E+09  7,7841E+07  5,8455E+07
0001076   3,5501E+09 -4,2764E+06  5,4182E+06
0001077   3,5501E+09  3,8277E+06  3,7457E+06
0001078   3,5501E+09  2,4330E+07  1,5783E+07
0001079   3,5501E+09  2,4111E+07  4,1152E+06
0001080   3,5501E+09 -5,4306E+07 -5,9521E+07
0001081   3,5502E+09 -1,4173E+06  2,1718E+07
0001082   3,5502E+09  1,7625E+07 -1,5537E+07
0001083   3,5501E+09  1,6496E+07 -1,0685E+07
0001084   3,5501E+09 -2,3365E+07 -1,3037E+07
0001085   3,5501E+09  3,6574E+07  2,3347E+07
0001086   3,5502E+09 -1,0557E+07  8,4669E+06
0001087   3,5502E+09  5,3553E+06 -2,3684E+06
0001088   3,5502E+09  2,3744E+07  4,4726E+05
0001089   3,5501E+09  5,1246E+06 -8,9013E+06
0001090   3,5502E+09  3,4689E+07 -9,5008E+07
0001091   3,5501E+09  2,2217E+07  4,1460E+07
0001092   3,5501E+09 -5,5195E+07 -6,6102E+07
0001093   3,5502E+09  1,3179E+07  1,6029E+07
0001094   3,5502E+09  2,9226E+07 -1,7605E+07
0001095   3,5502E+09 -2,3332E+07  1,8679E+06
0001096   3,5501E+09 -3,7736E+07 -2,1324E+07
0001097   3,5501E+09 -2,2005E+07 -3,9131E+07
0001098   3,5502E+09 -1,1080E+07 -2,2605E+07
0001099   3,5502E+09  3,4827E+07  1,3556E+07
0001100   3,5501E+09  4,7567E+06  4,9897E+07
0001101   3,5501E+09 -1,1734E+07 -1,5039E+07
0001102   3,5502E+09 -1,7976E+07 -2,0034E+07
0001103   3,5502E+09  2,4183E+06 -1,1061E+07
0001104   3,5501E+09  2,6384E+06  3,8063E+07
0001105   3,5501E+09  2,2587E+07 -1,1428E+06
0001106   3,5501E+09  1,7624E+07 -5,0352E+05
0001107   3,5502E+09  2,9078E+07  2,5338E+07
0001108   3,5502E+09  2,6960E+07  6,3925E+06
0001109   3,5502E+09 -3,1439E+07  2,0379E+07
0001110   3,5502E+09 -2,1825E+07  1,5566E+07
0001111   3,5502E+09  4,8160E+06  7,8728E+06
0001112   3,5502E+09 -1,6718E+07  5,8812E+04
0001113   3,5501E+09  3,1326E+06  1,9471E+07
0001114   3,5502E+09  5,0043E+06 -8,3460E+06
0001115   3,5502E+09  2,8547E+07  1,0828E+07
0001116   3,5501E+09  1,9486E+07  1,1098E+07
0001117   3,5502E+09 -3,6081E+06 -8,0785E+06
0001118   3,5501E+09  1,8722E+07 -1,5905E+07
0001119   3,5501E+09  5,3275E+06  1,1087E+07
0001120   3,5501E+09 -2,5500E+07 -1,0306E+07
0001121   3,5502E+09  2,5993E+07  1,4123E+07
0001122   3,5502E+09  1,8914E+07  6,5507E+06
0001123   3,5502E+09  5,2904E+06  2,1253E+07
0001124   3,5502E+09  8,8194E+06 -9,7006E+06
0001125   3,5501E+09 -2,2521E+07 -2,2778E+07
0001126   3,5501E+09  5,8341E+06  2,0225E+07
0001127   3,5502E+09  1,5162E+06  4,6332E+07
0001128   3,5502E+09  1,8985E+07  1,6959E+07
0001129   3,5501E+09  3,1886E+06  1,5690E+07
0001130   3,5501E+09 -1,9258E+07 -8,6989E+05
0001131   3,5502E+09 -7,1711E+06  4,9319E+07
0001132   3,5501E+09  5,5392E+05 -3,4086E+07
0001133   3,5502E+09  2,7231E+06  5,6926E+06
0001134   3,5501E+09 -6,5049E+06  2,2563E+07
0001135   3,5502E+09 -8,7484E+06 -3,3768E+07
0001136   3,5501E+09 -1,1551E+07 -4,2815E+06
0001137   3,5501E+09 -2,4234E+07  2,4188E+06
0001138   3,5502E+09 -2,9051E+06  2,3275E+07
0001139   3,5502E+09 -1,0112E+07  1,6319E+06
0001140   3,5502E+09 -3,1272E+07  4,5621E+05
0001141   3,5501E+09  1,7365E+07  2,4704E+07
0001142   3,5502E+09  3,3195E+07 -1,7587E+07
0001143   3,5501E+09  9,2520E+06  7,8820E+06
0001144   3,5502E+09 -1,5805E+07  8,3886E+06
0001145   3,5502E+09  3,1788E+07 -1,6423E+07
0001146   3,5501E+09 -8,1784E+06  5,8247E+06
0001147   3,5501E+09  2,2549E+07 -7,2885E+06
0001148   3,5501E+09  8,8047E+06  2,8200E+07
0001149   3,5502E+09  3,6019E+07  4,0880E+07
0001150   3,5501E+09  4,8180E+06  8,3208E+06
0001151   3,5501E+09  2,0011E+07 -5,3263E+07
0001152   3,5501E+09  4,1660E+06  1,3186E+07
0001153   3,5501E+09  3,4791E+07 -3,5106E+06
0001154   3,5501E+09  1,5813E+07 -2,0169E+07
0001155   3,5502E+09  1,4261E+07 -1,4809E+06
0001156   3,5502E+09  3,1875E+06 -8,1713E+06
0001157   3,5502E+09 -2,5309E+07 -2,9920E+07
0001158   3,5501E+09  1,9057E+07 -3,4291E+07
0001159   3,5502E+09  4,7643E+06  7,5327E+06
0001160   3,5501E+09 -2,3740E+07 -5,8562E+06
0001161   3,5501E+09  1,0612E+06 -1,4114E+07
0001162   3,5501E+09 -2,7531E+06  1,4283E+07
0001163   3,5502E+09 -2,4414E+07  7,2061E+06
0001164   3,5501E+09  1,2331E+07  1,3145E+07
0001165   3,5501E+09 -6,8947E+06  1,4064E+07
0001166   3,5502E+09 -1,0614E+07 -1,6424E+07
0001167   3,5502E+09 -1,7343E+07 -2,2465E+07
0001168   3,5501E+09  1,9639E+06 -2,8199E+06
0001169   3,5501E+09 -1,3500E+07 -3,3013E+07
0001170   3,5502E+09 -3,6572E+06  1,1033E+07
0001171   3,5501E+09 -1,9460E+07 -9,3691E+06
0001172   3,5502E+09 -2,1684E+06  1,2283E+05
0001173   3,5502E+09  1,6268E+07  1,0149E+07
0001174   3,5501E+09 -5,4643E+06 -2,3798E+06
0001175   3,5501E+09  8,6723E+05  4,2903E+06
0001176   3,5502E+09  1,6227E+07 -1,5925E+07
0001177   3,5501E+09  2,3744E+07 -2,6872E+07
0001178   3,5501E+09  2,4009E+07  1,8921E+07
0001179   3,5502E+09  5,5707E+07  2,6259E+07
0001180   3,5502E+09  1,5006E+07  5,2771E+06
0001181   3,5502E+09 -9,2521E+06  2,2636E+07
0001182   3,5501E+09  1,3990E+07  1,4311E+07
0001183   3,5502E+09  8,1907E+06 -2,4662E+07
0001184   3,5501E+09 -4,9972E+07 -6,7874E+07
0001185   3,5501E+09 -3,1748E+06 -4,8610E+07
0001186   3,5501E+09  1,5223E+07  1,6616E+07
0001187   3,5501E+09  9,8499E+06  5,9573E+06
0001188   3,5502E+09  4,3786E+06 -1,8009E+07
0001189   3,5501E+09 -4,7587E+06  3,4263E+07
0001190   3,5502E+09 -6,7604E+06  2,3920E+07
0001191   3,5502E+09 -3,0470E+07 -1,6445E+07
0001192   3,5501E+09  3,5419E+07  3,5465E+07
0001193   3,5502E+09 -2,0964E+07  2,7503E+05
0001194   3,5501E+09  7,5463E+06  9,1881E+05
0001195   3,5502E+09 -9,0255E+06 -7,2745E+06
0001196   3,5502E+09  1,6953E+07  6,5921E+06
0001197   3,5502E+09  7,6285E+06 -3,5579E+07
0001198   3,5501E+09 -3,2085E+07  4,8024E+06
0001199   3,5501E+09  1,0052E+07 -4,6480E+07
0001200   3,5502E+09 -1,7730E+07 -5,5398E+06
0001201   3,5501E+09  7,4379E+06 -1,3667E+07
0001202   3,5502E+09 -1,1288E+07 -2,7329E+07
0001203   3,5501E+09 -1,7862E+07  9,2092E+06
0001204   3,5501E+09 -5,0868E+07 -2,7335E+07
0001205   3,5501E+09 -3,8836E+07 -3,8362E+07
0001206   3,5502E+09 -4,1245E+06 -2,7259E+07
0001207   3,5502E+09  5,5667E+05  2,2337E+07
0001208   3,5501E+09  7,7242E+06  6,9351E+06
0001209   3,5501E+09 -5,1481E+07  2,1042E+07
0001210   3,5502E+09 -1,3088E+07 -1,1310E+07
0001211   3,5502E+09  2,9073E+07 -3,7714E+06
0001212   3,5502E+09 -8,9694E+06  1,6665E+07
0001213   3,5501E+09 -6,7911E+06  1,4632E+07
0001214   3,5502E+09 -4,7593E+05 -2,5762E+07
0001215   3,5501E+09 -1,2030E+07 -1,0057E+07
0001216   3,5502E+09  2,1786E+07  1,4208E+07
0001217   3,5502E+09  3,3457E+07 -3,1778E+07
0001218   3,5502E+09  5,5039E+06  2,5668E+07
0001219   3,5502E+09 -8,5041E+06  4,1245E+07
0001220   3,5501E+09 -5,0749E+07  7,1522E+06
0001221   3,5501E+09 -8,6589E+06  1,6453E+07
0001222   3,5501E+09 -7,2392E+06 -2,8612E+07
0001223   3,5502E+09 -6,3820E+06  3,4264E+07
0001224   3,5502E+09  5,2091E+06  1,4195E+07
0001225   3,5501E+09 -4,1888E+07  1,4981E+08
0001226   3,5502E+09  6,0099E+07  2,0470E+07
0001227   3,5501E+09  1,7361E+07 -2,6234E+07
0001228   3,5501E+09  1,9264E+07 -5,4529E+06
0001229   3,5501E+09 -3,2431E+06 -7,2934E+06
0001230   3,5501E+09 -2,3684E+06  1,4900E+07
0001231   3,5501E+09  1,3420E+07 -5,0386E+05
0001232   3,5502E+09  1,2134E+07  9,1720E+07
0001233   3,5502E+09 -1,0511E+07 -8,9377E+06
0001234   3,5501E+09  3,4597E+06  3,4338E+07
0001235   3,5502E+09 -3,3606E+06 -2,2920E+07
0001236   3,5501E+09 -3,7228E+07 -8,1502E+06
0001237   3,5502E+09  7,2881E+06 -1,0431E+06
0001238   3,5501E+09  1,6188E+07 -1,7904E+07
0001239   3,5501E+09  1,7616E+06  4,9759E+06
0001240   3,5501E+09 -2,6287E+07 -2,1832E+07
0001241   3,5502E+09  1,9417E+07 -2,3105E+06
0001242   3,5501E+09  8,4094E+06  3,7016E+07
0001243   3,5501E+09 -1,4575E+07 -1,5612E+06
0001244   3,5502E+09  3,9065E+07 -3,0400E+07
0001245   3,5501E+09 -3,9716E+06 -9,2012E+06
0001246   3,5502E+09 -1,6177E+07 -3,6336E+07
0001247   3,5501E+09  4,0372E+06  4,5738E+07
0001248   3,5501E+09  2,6693E+07  1,3896E+07
0001249   3,5501E+09  7,8125E+06 -3,1763E+06
0001250   3,5501E+09 -7,7970E+06 -3,4676E+06
0001251   3,5502E+09  9,9060E+06  3,9556E+07
0001252   3,5502E+09  6,7096E+06 -2,3626E+07
0001253   3,5501E+09 -7,1115E+06 -1,5743E+07
0001254   3,5502E+09 -2,0174E+07 -2,3239E+07
0001255   3,5501E+09 -2,1887E+07  5,5041E+06
0001256   3,5501E+09 -3,5645E+06  2,5102E+06
0001257   3,5501E+09 -2,1764E+07  5,1717E+07
0001258   3,5502E+09 -3,0738E+07 -7,8056E+06
0001259   3,5502E+09  1,8727E+07 -1,7705E+06
0001260   3,5501E+09  7,4138E+06 -1,0250E+07
0001261   3,5502E+09 -1,8054E+07  1,1380E+07
0001262   3,5502E+09  2,8566E+07 -1,2751E+06
0001263   3,5501E+09  8,6481E+06  3,7236E+06
0001264   3,5501E+09 -6,1227E+06 -1,2991E+07
0001265   3,5502E+09 -1,4150E+07 -1,0403E+07
0001266   3,5501E+09 -2,6715E+07 -2,1041E+07
0001267   3,5502E+09  1,7460E+07 -1,0270E+07
0001268   3,5502E+09  1,4606E+07  1,9595E+06
0001269   3,5501E+09  1,9187E+07  2,5723E+07
0001270   3,5502E+09 -1,8945E+07  2,2864E+07
0001271   3,5502E+09  1,0557E+07 -1,4482E+07
0001272   3,5501E+09  1,6237E+07  6,6451E+07
0001273   3,5501E+09 -1,1191E+07  4,6480E+06
0001274   3,5501E+09  1,8057E+07 -6,4991E+06
0001275   3,5502E+09  1,1442E+06  8,9072E+06
0001276   3,5502E+09  3,7203E+07  4,1543E+06
0001277   3,5502E+09 -2,2110E+07  2,0418E+07
0001278   3,5502E+09 -9,8722E+06  6,2606E+05
0001279   3,5502E+09 -9,0439E+06  1,4651E+07
0001280   3,5502E+09 -2,6456E+07  1,3441E+07
0001281   3,5502E+09  2,7833E+07 -6,5568E+06
0001282   3,5502E+09  4,0436E+06 -2,4046E+07
0001283   3,5502E+09 -6,3790E+05  9,1714E+06
0001284   3,5501E+09  1,2301E+07 -3,7186E+07
0001285   3,5501E+09  1,2308E+08 -2,3958E+07
0001286   3,5502E+09 -1,3394E+08  2,9781E+08
0001287   3,5502E+09 -1,0292E+07  9,0790E+06
0001288   3,5502E+09 -5,2137E+07 -2,6410E+07
0001289   3,5502E+09 -1,0495E+07 -1,2000E+07
0001290   3,5501E+09 -6,9966E+07  9,3861E+06
0001291   3,5502E+09 -1,6765E+07  3,6909E+06
0001292   3,5502E+09  2,3111E+07  1,4909E+06
0001293   3,5502E+09  3,3934E+07  5,3868E+07
0001294   3,5501E+09 -1,4001E+07  1,7515E+07
0001295   3,5502E+09 -5,9561E+05 -2,6078E+07
0001296   3,5502E+09 -1,6182E+07  1,2535E+07
0001297   3,5501E+09  3,4516E+07  8,1385E+06
0001298   3,5501E+09  3,0083E+06  1,6546E+07
0001299   3,5501E+09 -1,5938E+07  1,7762E+07
0001300   3,5501E+09 -2,9017E+05  2,7217E+07
0001301   3,5502E+09 -1,8767E+07 -5,1129E+07
0001302   3,5502E+09 -1,8387E+06  1,4555E+07
0001303   3,5502E+09 -9,5263E+05 -1,5996E+07
0001304   3,5502E+09 -2,0690E+07  1,6338E+07
0001305   3,5502E+09 -5,9248E+06  7,1778E+06
0001306   3,5501E+09  2,0058E+06  1,8277E+07
0001307   3,5501E+09  1,6641E+07  1,1676E+07
0001308   3,5501E+09  1,0397E+08  2,7392E+07
0001309   3,5502E+09  2,3998E+07  1,1604E+07
0001310   3,5501E+09 -2,8564E+07 -4,4981E+06
0001311   3,5501E+09  6,5511E+06 -9,5849E+06
0001312   3,5501E+09 -1,5708E+07 -2,0935E+07
0001313   3,5501E+09  2,4169E+06 -1,0381E+06
0001314   3,5501E+09 -1,5605E+07  6,2990E+06
0001315   3,5501E+09  1,5572E+07 -1,2597E+07
0001316   3,5501E+09 -8,5480E+06 -8,8010E+06
0001317   3,5502E+09  2,7419E+07 -2,4246E+07
0001318   3,5502E+09 -2,9160E+07 -3,1129E+06
0001319   3,5502E+09 -1,0946E+07  5,1929E+06
0001320   3,5502E+09  2,2851E+07 -2,9482E+06
0001321   3,5502E+09 -5,2816E+06 -3,1068E+07
0001322   3,5501E+09 -1,6710E+06  1,8589E+07
0001323   3,5502E+09  1,8332E+07  1,3153E+06
0001324   3,5501E+09 -1,4989E+07 -1,5399E+07
0001325   3,5501E+09 -3,7338E+07 -1,0457E+07
0001326   3,5502E+09 -5,9901E+06 -4,3106E+07
0001327   3,5501E+09 -7,1429E+06  7,7160E+07
0001328   3,5502E+09  6,8486E+06  1,5015E+06
0001329   3,5501E+09 -1,0142E+07  1,9062E+07
0001330   3,5502E+09 -1,8532E+07  7,9473E+06
0001331   3,5502E+09  2,0658E+07  1,1328E+07
0001332   3,5501E+09 -1,1467E+07  2,2949E+06
0001333   3,5501E+09 -1,2416E+07 -9,8363E+06
0001334   3,5502E+09  1,1342E+07  4,1503E+07
0001335   3,5502E+09 -2,1774E+07  1,5914E+07
0001336   3,5502E+09  1,7508E+07 -1,3113E+07
0001337   3,5501E+09  1,7545E+07  7,1866E+06
0001338   3,5502E+09  4,4937E+06  5,9892E+07
0001339   3,5502E+09 -2,3061E+06 -1,4375E+07
0001340   3,5501E+09  8,9393E+05 -2,2185E+07
0001341   3,5501E+09  3,5733E+06 -2,2624E+07
0001342   3,5501E+09 -1,3447E+07  1,9194E+06
0001343   3,5501E+09  2,4344E+07 -1,5916E+07
0001344   3,5502E+09  4,7150E+06 -1,4831E+06
0001345   3,5501E+09  1,0173E+07  2,2296E+07
0001346   3,5502E+09 -1,1272E+07  7,6760E+05
0001347   3,5502E+09  8,8140E+06  6,8311E+06
0001348   3,5502E+09 -3,0171E+06 -8,7641E+06
0001349   3,5501E+09 -8,5950E+06  3,0007E+07
0001350   3,5501E+09 -4,6820E+07  1,7400E+07
0001351   3,5502E+09 -7,5169E+06  2,3738E+07
0001352   3,5501E+09 -9,3458E+07 -7,4565E+07
0001353   3,5502E+09  9,6970E+06 -9,4963E+06
0001354   3,5501E+09 -2,1281E+07 -3,4232E+07
0001355   3,5502E+09  8,0904E+06 -1,8301E+07
0001356   3,5501E+09  2,0926E+07 -1,4995E+07
0001357   3,5501E+09 -2,0436E+07  6,5663E+06
0001358   3,5502E+09  2,0375E+07  2,5034E+07
0001359   3,5501E+09 -2,1909E+07 -2,1068E+07
0001360   3,5501E+09 -4,0869E+06  5,8538E+06
0001361   3,5501E+09 -7,9906E+07  4,7004E+07
0001362   3,5502E+09 -4,8753E+06  6,1702E+06
0001363   3,5501E+09 -4,9287E+06  4,9864E+06
0001364   3,5502E+09  4,2124E+07 -1,7848E+06
0001365   3,5501E+09  3,8111E+06  1,0274E+07
0001366   3,5502E+09 -4,4960E+05  1,0670E+07
0001367   3,5501E+09  4,3881E+06  1,9014E+06
0001368   3,5501E+09  8,9782E+06  8,8625E+06
0001369   3,5501E+09  2,6521E+07  4,3612E+06
0001370   3,5501E+09  3,7076E+07  2,8106E+07
0001371   3,5501E+09 -4,8828E+07  1,0696E+07
0001372   3,5501E+09  1,1701E+07  2,2267E+07
0001373   3,5501E+09 -2,5891E+07 -5,4192E+06
0001374   3,5502E+09 -9,0347E+07  4,4040E+07
0001375   3,5502E+09  2,5839E+05 -2,3881E+06
0001376   3,5502E+09 -5,7082E+06  2,4489E+06
0001377   3,5501E+09 -5,0786E+07  2,3858E+07
0001378   3,5501E+09 -2,2309E+07 -2,7090E+07
0001379   3,5501E+09  2,0666E+07 -2,5813E+07
0001380   3,5502E+09 -4,5607E+07  1,1767E+07
0001381   3,5502E+09  7,4186E+07  1,6736E+07
0001382   3,5502E+09 -2,3744E+07 -3,2795E+06
0001383   3,5501E+09 -1,0800E+07  1,3924E+07
0001384   3,5501E+09 -6,8236E+06  2,7466E+07
0001385   3,5502E+09  4,0355E+07 -1,8382E+07
0001386   3,5501E+09 -4,1509E+06  2,5804E+07
0001387   3,5502E+09 -3,7451E+07  6,3022E+06
0001388   3,5501E+09  1,0693E+07 -2,2715E+07
0001389   3,5501E+09  2,3867E+06 -2,3941E+06
0001390   3,5502E+09  3,4043E+07  3,5757E+07
0001391   3,5501E+09 -1,1973E+07 -7,5005E+06
0001392   3,5501E+09 -5,0325E+06  4,4756E+06
0001393   3,5501E+09  1,3555E+07 -1,6710E+07
0001394   3,5501E+09  6,8947E+07 -1,9695E+07
0001395   3,5501E+09  1,5146E+07  8,6173E+06
0001396   3,5501E+09  2,5029E+07  6,9710E+06
0001397   3,5502E+09 -1,8426E+07 -3,4983E+06
0001398   3,5501E+09 -2,1099E+07 -8,5176E+05
0001399   3,5501E+09 -4,0160E+07  6,4506E+06
0001400   3,5502E+09  4,7770E+06 -1,4644E+06
0001401   3,5502E+09  1,5146E+06 -1,9659E+06
0001402   3,5501E+09  1,0498E+08  1,6765E+07
0001403   3,5502E+09  4,7750E+06  8,7486E+06
0001404   3,5502E+09 -1,6228E+07 -7,4154E+06
0001405   3,5501E+09  2,4171E+07 -3,1831E+07
0001406   3,5501E+09  1,0750E+07  2,5750E+07
0001407   3,5501E+09 -2,6046E+07 -9,7974E+06
0001408   3,5501E+09 -2,9393E+07 -9,0553E+06
0001409   3,5502E+09  1,1897E+07 -2,4683E+07
0001410   3,5501E+09  1,2705E+07  2,1155E+07
0001411   3,5501E+09  4,7254E+06  2,2862E+07
0001412   3,5502E+09  8,8786E+06 -1,3900E+07
0001413   3,5501E+09  1,5756E+07 -1,2557E+07
0001414   3,5502E+09  1,8772E+07 -6,6357E+05
0001415   3,5501E+09 -1,1236E+07 -2,0475E+07
0001416   3,5501E+09 -1,8395E+07  3,1407E+07
0001417   3,5501E+09  1,4929E+06 -6,5397E+06
0001418   3,5501E+09  2,7092E+07 -1,2786E+06
0001419   3,5502E+09 -1,2707E+07  3,0326E+07
0001420   3,5501E+09  1,1570E+07 -3,0849E+07
0001421   3,5501E+09 -2,5508E+07 -1,8930E+06
0001422   3,5501E+09 -6,1248E+06  2,4097E+07
0001423   3,5502E+09  1,8623E+07  9,9696E+06
0001424   3,5502E+09 -2,9257E+07 -1,9327E+06
0001425   3,5501E+09  2,4294E+07  8,9379E+06
0001426   3,5501E+09 -1,4454E+07  4,4304E+07
0001427   3,5502E+09 -4,3029E+06  1,2588E+07
0001428   3,5502E+09  1,7486E+07 -2,0209E+06
0001429   3,5502E+09  5,4717E+06  5,7128E+06
0001430   3,5502E+09 -1,1930E+07  2,2810E+07
0001431   3,5501E+09  1,2543E+07  2,2956E+07
0001432   3,5501E+09  1,4981E+07  1,7061E+07
0001433   3,5501E+09  2,6727E+06 -6,4833E+06
0001434   3,5502E+09 -3,4199E+06 -3,7225E+07
0001435   3,5501E+09  8,3511E+07  4,3073E+07
0001436   3,5501E+09 -1,9495E+07 -2,7530E+07
0001437   3,5502E+09  1,4551E+07 -1,1142E+07
0001438   3,5502E+09  2,3575E+07 -3,3797E+07
0001439   3,5501E+09 -1,9573E+06 -2,0436E+07
0001440   3,5501E+09 -8,7115E+06 -7,2055E+07
0001441   3,5502E+09  1,8257E+07 -1,6672E+07
0001442   3,5501E+09 -1,9305E+06 -1,7028E+07
0001443   3,5502E+09  2,6275E+07 -9,7720E+05
0001444   3,5501E+09  5,4328E+06 -2,2812E+07
0001445   3,5501E+09  1,2788E+06  5,9919E+06
0001446   3,5502E+09  6,5407E+06 -6,5522E+06
0001447   3,5501E+09  1,2425E+06 -1,4713E+07
0001448   3,5502E+09  1,4215E+07 -3,5221E+07
0001449   3,5501E+09 -9,7028E+06  2,4960E+06
0001450   3,5501E+09  2,5001E+06 -1,7806E+07
0001451   3,5501E+09 -1,2652E+07  1,5589E+07
0001452   3,5501E+09 -4,5310E+07 -4,7717E+07
0001453   3,5501E+09  1,4151E+07  2,2895E+05
0001454   3,5502E+09 -2,6419E+07  2,5596E+07
0001455   3,5501E+09  2,1057E+07 -1,4041E+07
0001456   3,5501E+09  1,2803E+07  5,1496E+07
0001457   3,5501E+09 -1,0701E+06  4,1230E+06
0001458   3,5501E+09 -1,8761E+07  9,1858E+05
0001459   3,5501E+09  4,7594E+06  4,2302E+07
0001460   3,5501E+09  7,9172E+06 -8,7305E+06
0001461   3,5501E+09 -3,0501E+07 -2,9968E+07
0001462   3,5501E+09 -1,1494E+08 -1,1671E+07
0001463   3,5502E+09  1,0590E+07  2,0587E+07
0001464   3,5502E+09  2,7609E+06 -1,4231E+07
0001465   3,5501E+09  3,1769E+07 -1,9920E+07
0001466   3,5502E+09  1,8957E+07  8,8721E+06
0001467   3,5501E+09  2,1569E+07 -2,7526E+07
0001468   3,5501E+09  2,7152E+07  2,3076E+07
0001469   3,5502E+09  1,2407E+07  3,1544E+07
0001470   3,5501E+09 -3,1004E+07 -8,2722E+05
0001471   3,5502E+09  6,6177E+06  3,6669E+07
0001472   3,5501E+09  4,0742E+07 -4,5688E+06
0001473   3,5501E+09 -9,6083E+06 -1,5852E+05
0001474   3,5502E+09  3,7623E+07 -6,2579E+06
0001475   3,5502E+09  1,6080E+07 -8,5462E+05
0001476   3,5501E+09 -6,5868E+07 -4,5886E+07
0001477   3,5501E+09 -4,5570E+06  9,5124E+06
0001478   3,5502E+09 -1,3599E+07  2,3019E+07
0001479   3,5502E+09 -2,0757E+07 -7,7023E+06
0001480   3,5502E+09 -6,7323E+06 -2,7210E+06
0001481   3,5501E+09 -2,9396E+06  7,8979E+06
0001482   3,5502E+09  3,0332E+07  5,0208E+06
0001483   3,5501E+09  8,7199E+06  8,1356E+06
0001484   3,5501E+09 -2,4924E+07  7,9287E+06
0001485   3,5502E+09  3,9130E+07  2,7275E+07
0001486   3,5502E+09 -8,9588E+06  1,0970E+07
0001487   3,5501E+09 -1,2592E+07 -5,9874E+06
0001488   3,5502E+09 -2,3876E+06  2,6151E+04
0001489   3,5502E+09 -7,1560E+06 -2,5163E+07
0001490   3,5501E+09 -2,5775E+07  1,0102E+07
0001491   3,5501E+09  2,2270E+07 -7,8597E+06
0001492   3,5501E+09  3,5337E+07 -2,1389E+07
0001493   3,5501E+09  8,3430E+06  6,4797E+06
0001494   3,5502E+09  2,0877E+07  7,2569E+06
0001495   3,5502E+09 -2,5842E+07 -3,6989E+06
0001496   3,5502E+09 -1,1526E+07 -1,1025E+07
0001497   3,5502E+09 -1,3801E+07 -1,4731E+07
0001498   3,5501E+09 -1,4567E+07 -1,8595E+06
0001499   3,5502E+09  2,5111E+07  1,6457E+07
0001500   3,5502E+09  3,0744E+06  4,0455E+06
0001501   3,5501E+09 -2,0142E+07 -4,9747E+06
0001502   3,5501E+09  3,6559E+07 -5,3305E+06
0001503   3,5502E+09  2,8115E+04  1,4506E+07
0001504   3,5501E+09  8,8522E+06  2,6169E+07
0001505   3,5502E+09 -1,0513E+07  2,6811E+07
0001506   3,5502E+09  3,0048E+07  6,4576E+06
0001507   3,5502E+09 -6,7495E+07 -1,2077E+07
0001508   3,5501E+09  2,9760E+07  4,1660E+06
0001509   3,5502E+09 -4,4579E+06 -1,6857E+07
0001510   3,5502E+09 -1,3480E+08  3,8128E+07
0001511   3,5501E+09 -6,7860E+06 -3,1319E+07
0001512   3,5502E+09  4,2609E+07  6,0100E+07
0001513   3,5502E+09  4,6801E+06  6,2123E+06
0001514   3,5501E+09  3,4368E+06  1,4513E+07
0001515   3,5501E+09 -1,0192E+07 -6,7440E+06
0001516   3,5502E+09  1,7032E+07 -2,8676E+07
0001517   3,5501E+09  3,1438E+06  3,1226E+07
0001518   3,5502E+09  1,5785E+07  3,5451E+06
0001519   3,5501E+09 -2,2596E+07  3,2962E+07
0001520   3,5502E+09  1,4911E+07 -1,2394E+07
0001521   3,5502E+09 -3,1308E+07 -4,6501E+07
0001522   3,5502E+09  2,3382E+07 -1,0082E+07
0001523   3,5502E+09 -1,1238E+07 -1,9588E+07
0001524   3,5502E+09  3,0450E+07 -4,3297E+06
0001525   3,5502E+09  1,9594E+07 -1,5608E+07
0001526   3,5501E+09  5,4479E+06 -1,1714E+07
0001527   3,5501E+09  2,6855E+07  3,7759E+07
0001528   3,5501E+09  1,2661E+07  1,5913E+07
0001529   3,5501E+09 -1,3360E+07 -6,0755E+07
0001530   3,5502E+09  1,0453E+07  2,4515E+07
0001531   3,5501E+09  2,7492E+06  2,6217E+07
0001532   3,5501E+09  2,4646E+07 -5,7527E+06
0001533   3,5502E+09  1,7862E+07 -3,6529E+07
0001534   3,5501E+09 -9,4714E+06  5,4027E+07
0001535   3,5501E+09 -1,0618E+07  2,1033E+06
0001536   3,5501E+09 -8,1689E+06  1,4717E+07
0001537   3,5501E+09 -2,3528E+05  4,5748E+07
0001538   3,5502E+09  7,2303E+05  7,8094E+06
0001539   3,5501E+09 -3,0848E+07 -1,1705E+07
0001540   3,5502E+09  9,5497E+06 -1,1900E+07
0001541   3,5502E+09  3,4304E+07  1,3528E+07
0001542   3,5502E+09 -2,9299E+07  4,4984E+05
0001543   3,5501E+09  1,0880E+07  5,2612E+05
0001544   3,5502E+09 -9,8780E+06  1,5920E+07
0001545   3,5501E+09 -1,6322E+07 -8,9801E+06
0001546   3,5502E+09 -3,0816E+07 -1,8548E+07
0001547   3,5502E+09  1,3648E+07 -1,1357E+07
0001548   3,5502E+09  2,0758E+07  6,8088E+06
0001549   3,5502E+09  3,3072E+06 -3,3080E+07
0001550   3,5501E+09  1,9449E+07 -1,3577E+07
0001551   3,5502E+09  3,8877E+06  3,4470E+07
0001552   3,5502E+09 -5,2833E+06  7,5302E+05
0001553   3,5501E+09  7,7363E+06 -3,3599E+06
0001554   3,5501E+09 -1,0436E+07  3,6154E+05
0001555   3,5501E+09 -6,3589E+06  1,8805E+07
0001556   3,5502E+09 -6,8103E+06  3,0733E+07
0001557   3,5501E+09 -2,1373E+07 -1,9669E+06
0001558   3,5502E+09  3,1231E+07  8,5490E+06
0001559   3,5502E+09 -2,6295E+06 -1,8120E+07
0001560   3,5501E+09  1,1540E+07  1,3202E+07
0001561   3,5501E+09 -1,4439E+07  1,8137E+07
0001562   3,5502E+09 -6,5654E+06 -9,9634E+06
0001563   3,5502E+09  2,1019E+07  1,3393E+06
0001564   3,5502E+09  3,1460E+06 -1,3794E+07
0001565   3,5502E+09 -2,1114E+07 -1,9156E+07
0001566   3,5501E+09 -5,5634E+05  3,4216E+07
0001567   3,5501E+09 -5,9764E+06 -5,8436E+06
0001568   3,5502E+09  5,5964E+07 -2,6324E+07
0001569   3,5501E+09 -1,1246E+06  5,1807E+04
0001570   3,5502E+09  4,7130E+07  5,6211E+07
0001571   3,5502E+09  1,1064E+07  1,0471E+07
0001572   3,5501E+09 -8,0001E+06 -1,1786E+07
0001573   3,5502E+09  2,8679E+07 -1,6245E+07
0001574   3,5502E+09  4,2881E+06  7,0090E+06
0001575   3,5501E+09  2,1673E+07  9,5993E+06
0001576   3,5502E+09  1,1859E+07  2,2889E+07
0001577   3,5501E+09 -3,0752E+07 -6,9134E+07
0001578   3,5501E+09 -2,5861E+07  1,9527E+07
0001579   3,5501E+09  8,4559E+05  2,6155E+07
0001580   3,5501E+09 -1,1190E+07 -1,0151E+07
0001581   3,5501E+09 -9,8069E+06  1,8725E+07
0001582   3,5501E+09 -4,1213E+06 -8,0099E+06
0001583   3,5501E+09  2,7339E+07  8,6626E+06
0001584   3,5501E+09  6,7252E+06 -5,6487E+07
0001585   3,5501E+09 -1,3712E+07  1,3238E+07
0001586   3,5501E+09 -2,0314E+07 -7,8473E+06
0001587   3,5501E+09 -9,0272E+06  1,5185E+07
0001588   3,5501E+09  3,5661E+07 -9,0050E+06
0001589   3,5501E+09  1,0438E+07  1,2542E+07
0001590   3,5501E+09  9,0772E+07 -7,1070E+06
0001591   3,5501E+09 -6,5593E+06 -2,0238E+07
0001592   3,5501E+09 -1,8906E+07  1,6896E+07
0001593   3,5501E+09  1,9805E+07 -4,4913E+06
0001594   3,5501E+09 -1,1776E+07  5,8780E+06
0001595   3,5501E+09 -9,8345E+06 -1,9764E+07
0001596   3,5501E+09  8,7115E+06 -9,6091E+05
0001597   3,5502E+09 -5,9260E+06 -5,4517E+05
0001598   3,5501E+09 -1,9100E+07 -2,3026E+07
0001599   3,5502E+09 -2,7578E+07 -3,5162E+06