============================== SRIM-2013.00 ==============================
==============================================================================
====== SRIM Outputs\RANGE_3D.txt : File of Final Ion Positions =====

Ion = Sr (38)   Ion Mass= 087,9100
Energy  = 3000000,E-01 keV
Ion Angle to Surface = 00,0 degrees
==================== TARGET =======================
  Layer # 1 - Layer 1
  Layer # 1 - Bottom Depth=287700,E-01 A
  Layer # 1 - Density =0004,5189 g/cm3
  Layer # 1 -  100 % of Ti
  Layer # 1 -  0 % of He
  Layer # 1 -  0 % of Ti
κκκκκκκκκκκκκκκκκκκκκκκκκκκκκκκκκκκκκκκκκκκκκκκκκκκκ
  Layer # 2 - Layer 2
  Layer # 2 - Bottom Depth=355003,E+04 A
  Layer # 2 - Density =0000,0001 g/cm3
  Layer # 2 -  0 % of Ti
  Layer # 2 -  100 % of He
  Layer # 2 -  0 % of Ti
κκκκκκκκκκκκκκκκκκκκκκκκκκκκκκκκκκκκκκκκκκκκκκκκκκκκ
  Layer # 3 - Layer 3
  Layer # 3 - Bottom Depth=357880,E+04 A
  Layer # 3 - Density =0004,5189 g/cm3
  Layer # 3 -  0 % of Ti
  Layer # 3 -  0 % of He
  Layer # 3 -  100 % of Ti
κκκκκκκκκκκκκκκκκκκκκκκκκκκκκκκκκκκκκκκκκκκκκκκκκκκκ
                                            
Ion       Depth  X   Lateral Y   Lateral Z  
Number    (Angstrom) (Angstrom)  (Angstrom) 
-------  ----------- ----------- -----------
0000001   3,5501E+09  2,3344E+07  3,6676E+07
0000002   3,5501E+09 -2,2263E+07 -1,8050E+07
0000003   3,5501E+09 -3,2421E+07  1,0368E+07
0000004   3,5501E+09  2,1256E+04 -1,2420E+07
0000005   3,5501E+09 -2,5437E+07 -2,7998E+07
0000006   3,5501E+09 -1,4557E+07  7,7645E+06
0000007   3,5501E+09  2,4604E+07 -1,2020E+07
0000008   3,5501E+09  2,5404E+07  9,4438E+06
0000009   3,5501E+09 -2,8106E+06  4,5306E+06
0000010   3,5501E+09  4,7057E+06 -6,4174E+05
0000011   3,5501E+09  1,6371E+07 -1,4703E+07
0000012   3,5501E+09 -5,7064E+05 -6,7606E+06
0000013   3,5501E+09 -1,9068E+07 -4,4227E+06
0000014   3,5501E+09  3,6054E+06 -1,8924E+07
0000015   3,5501E+09 -9,1458E+06  4,5048E+07
0000016   3,5501E+09 -3,6615E+06 -1,4250E+07
0000017   3,5501E+09  4,4263E+06  1,8814E+06
0000018   3,5501E+09  2,0731E+07  1,0251E+07
0000019   3,5501E+09 -2,4782E+07 -1,1020E+07
0000020   3,5501E+09  1,8090E+06 -1,8162E+07
0000021   3,5501E+09 -3,1133E+07  1,9859E+07
0000022   3,5501E+09 -1,3938E+07 -2,2093E+06
0000023   3,5501E+09 -5,1221E+06  1,6918E+07
0000024   3,5501E+09  1,7507E+07  3,2470E+07
0000025   3,5501E+09  2,6356E+07 -3,6619E+07
0000026   3,5501E+09  8,7243E+06  4,0179E+06
0000027   3,5501E+09 -2,0708E+07  1,1672E+07
0000028   3,5501E+09 -2,5533E+07 -3,9799E+07
0000029   3,5501E+09  2,4180E+06  3,2728E+07
0000030   3,5501E+09 -1,8744E+07  4,6055E+07
0000031   3,5501E+09  1,0736E+06  1,1320E+07
0000032   3,5501E+09  1,9255E+07 -5,6639E+07
0000033   3,5501E+09  1,5426E+07  4,4405E+07
0000034   3,5501E+09 -3,5632E+07 -5,5846E+06
0000035   3,5501E+09  4,1646E+07 -4,3316E+06
0000036   3,5501E+09 -1,0627E+08  5,2054E+06
0000037   3,5501E+09 -3,5355E+07 -1,0511E+07
0000038   3,5501E+09 -2,8596E+07  1,7644E+07
0000039   3,5501E+09 -3,2480E+06 -5,4923E+06
0000040   3,5501E+09  3,2683E+06 -8,0200E+06
0000041   3,5501E+09 -1,8486E+07  1,1438E+07
0000042   3,5501E+09 -1,8372E+07  3,0619E+06
0000043   3,5501E+09  1,8013E+07 -2,9849E+07
0000044   3,5501E+09 -2,2856E+07 -4,2140E+07
0000045   3,5501E+09  1,8974E+07 -6,8817E+06
0000046   3,5501E+09 -1,3562E+06  1,8728E+06
0000047   3,5501E+09  1,7325E+07  2,0911E+07
0000048   3,5501E+09 -2,1979E+07 -7,1989E+06
0000049   3,5501E+09  6,7929E+06 -1,4740E+07
0000050   3,5501E+09 -3,4151E+07 -6,0154E+06
0000051   3,5501E+09 -7,7568E+06  4,6285E+07
0000052   3,5501E+09  1,7599E+07 -9,6086E+06
0000053   3,5501E+09 -3,4181E+06  7,6952E+05
0000054   3,5501E+09  2,0470E+06 -1,6502E+06
0000055   3,5501E+09 -1,9708E+07 -2,3196E+06
0000056   3,5501E+09 -1,8073E+06 -8,8888E+06
0000057   3,5501E+09 -1,2677E+07  6,8694E+06
0000058   3,5501E+09 -8,2308E+06 -7,6800E+06
0000059   3,5501E+09  1,4778E+07 -4,3146E+06
0000060   3,5501E+09 -1,0312E+07 -2,5387E+06
0000061   3,5501E+09  1,9682E+06  8,8144E+06
0000062   3,5501E+09  1,7503E+07  1,3700E+07
0000063   3,5501E+09 -1,8621E+07  8,0070E+06
0000064   3,5501E+09 -1,2965E+07 -2,0682E+06
0000065   3,5501E+09  6,0937E+06  2,2893E+06
0000066   3,5501E+09 -5,5284E+06  6,0845E+06
0000067   3,5501E+09  3,1633E+07  1,0537E+07
0000068   3,5501E+09 -1,5419E+07  3,1526E+07
0000069   3,5501E+09 -2,8916E+07 -5,2399E+05
0000070   3,5501E+09 -1,0281E+06  1,9542E+07
0000071   3,5501E+09 -4,7608E+06  5,5702E+06
0000072   3,5501E+09  3,3777E+07 -6,0762E+06
0000073   3,5501E+09 -1,5875E+07  2,7993E+07
0000074   3,5501E+09  1,4516E+06  9,5584E+06
0000075   3,5501E+09  7,7412E+06  8,2728E+05
0000076   3,5501E+09 -2,4197E+06  2,6374E+07
0000077   3,5501E+09 -2,6035E+07  4,2007E+07
0000078   3,5501E+09  1,2099E+07  2,8592E+06
0000079   3,5501E+09  2,9992E+07 -2,0028E+07
0000080   3,5501E+09 -6,8402E+06  1,7084E+07
0000081   3,5501E+09 -4,5501E+07  2,9315E+07
0000082   3,5501E+09 -2,5633E+07  1,7690E+07
0000083   3,5501E+09 -1,3304E+07  7,0541E+06
0000084   3,5501E+09  3,7705E+06  1,7899E+05
0000085   3,5501E+09 -1,7633E+06 -7,8474E+06
0000086   3,5501E+09  7,5931E+06 -1,7580E+07
0000087   3,5501E+09  9,7501E+05  1,0592E+07
0000088   3,5501E+09  5,8324E+06  2,0641E+07
0000089   3,5501E+09  1,5343E+07 -6,0581E+06
0000090   3,5501E+09 -3,2932E+07 -1,4940E+07
0000091   3,5501E+09 -3,6049E+06  1,1040E+07
0000092   3,5501E+09  1,3128E+07  6,8928E+07
0000093   3,5501E+09 -4,3330E+05  3,8763E+07
0000094   3,5501E+09  7,2903E+06  2,4800E+07
0000095   3,5501E+09  4,6706E+07  1,8658E+07
0000096   3,5501E+09 -1,2762E+07 -7,3912E+05
0000097   3,5501E+09 -7,7999E+06  2,1892E+07
0000098   3,5501E+09 -8,8313E+06 -3,1486E+07
0000099   3,5501E+09  3,2164E+07 -7,3376E+06
0000100   3,5501E+09 -1,4282E+07  3,8387E+07
0000101   3,5501E+09 -1,7885E+07 -3,6110E+06
0000102   3,5501E+09 -6,0623E+07 -1,2479E+07
0000103   3,5501E+09  1,3656E+06 -7,0751E+07
0000104   3,5501E+09 -2,8925E+07 -1,4012E+07
0000105   3,5501E+09 -2,9374E+06 -3,4863E+07
0000106   3,5501E+09 -9,3377E+05 -1,0717E+07
0000107   3,5501E+09 -3,0645E+07  2,6791E+07
0000108   3,5501E+09  8,4315E+04 -1,8033E+07
0000109   3,5501E+09  5,0176E+07  1,6182E+05
0000110   3,5501E+09 -3,4131E+07  1,2346E+07
0000111   3,5501E+09 -2,1629E+07 -2,6945E+06
0000112   3,5501E+09 -8,3410E+06 -3,5671E+06
0000113   3,5501E+09  8,1032E+06  1,3495E+06
0000114   3,5501E+09  1,8347E+07  4,3946E+07
0000115   3,5501E+09 -6,9932E+06  2,9758E+06
0000116   3,5501E+09  1,8395E+07 -3,0073E+07
0000117   3,5501E+09  9,8103E+06 -7,5038E+07
0000118   3,5501E+09 -5,4848E+07 -1,5605E+07
0000119   3,5501E+09 -4,7012E+07  7,8812E+06
0000120   3,5501E+09  3,4921E+07  4,4023E+07
0000121   3,5501E+09 -6,9905E+06 -2,8715E+07
0000122   3,5501E+09 -9,2430E+06  1,2537E+06
0000123   3,5501E+09 -9,4449E+06  1,4226E+07
0000124   3,5501E+09 -1,0263E+07 -3,0447E+07
0000125   3,5501E+09  7,5631E+06 -2,1630E+07
0000126   3,5501E+09  1,7965E+07  2,6446E+07
0000127   3,5501E+09 -2,9974E+07  7,6646E+06
0000128   3,5501E+09 -9,7649E+06  6,3687E+06
0000129   3,5501E+09 -1,0819E+07  9,6384E+05
0000130   3,5501E+09 -2,9623E+07  2,6462E+07
0000131   3,5501E+09  1,8747E+07 -1,5608E+07
0000132   3,5501E+09  4,4228E+07  1,1779E+07
0000133   3,5501E+09  8,6889E+06  1,3825E+07
0000134   3,5501E+09  8,1462E+06  1,9237E+06
0000135   3,5501E+09 -6,4327E+06 -1,9339E+07
0000136   3,5501E+09  1,7953E+07  1,2585E+07
0000137   3,5501E+09  1,7577E+06 -1,1164E+07
0000138   3,5501E+09  1,3930E+07 -2,5726E+07
0000139   3,5501E+09  2,1723E+06 -2,3974E+07
0000140   3,5501E+09 -1,7012E+07 -1,5367E+07
0000141   3,5501E+09 -2,6706E+07  3,7029E+06
0000142   3,5501E+09 -1,8654E+07 -1,0813E+07
0000143   3,5501E+09 -1,1550E+07  2,2496E+07
0000144   3,5501E+09  2,0791E+07  3,9967E+07
0000145   3,5501E+09 -3,9709E+07  8,6567E+07
0000146   3,5501E+09  1,8241E+06  4,9351E+06
0000147   3,5501E+09 -2,5976E+07 -1,9237E+07
0000148   3,5501E+09 -5,9684E+06  2,2385E+05
0000149   3,5501E+09 -9,2939E+06  2,2020E+07
0000150   3,5501E+09  4,2538E+07  1,6214E+07
0000151   3,5501E+09 -1,3271E+07  3,6402E+06
0000152   3,5501E+09  4,1646E+07  2,2403E+07
0000153   3,5501E+09  3,2614E+06  5,4484E+05
0000154   3,5501E+09 -6,0662E+06 -1,0358E+07
0000155   3,5501E+09 -3,1966E+06 -6,4211E+06
0000156   3,5501E+09  2,8716E+07 -5,4117E+07
0000157   3,5501E+09 -9,5888E+06 -6,7472E+06
0000158   3,5501E+09 -1,8857E+07 -7,9509E+06
0000159   3,5501E+09 -2,3246E+07 -2,6812E+07
0000160   3,5501E+09 -1,0070E+07  2,6435E+07
0000161   3,5501E+09 -1,3336E+06  1,6335E+07
0000162   3,5501E+09 -2,1930E+06 -1,1781E+07
0000163   3,5501E+09  3,1515E+07 -3,9258E+06
0000164   3,5501E+09  6,8876E+05 -2,9744E+07
0000165   3,5501E+09  1,7025E+07 -1,8030E+07
0000166   3,5501E+09 -5,5205E+07 -4,2623E+06
0000167   3,5501E+09 -1,4714E+07 -1,4783E+07
0000168   3,5501E+09  4,2183E+06 -8,6677E+06
0000169   3,5501E+09  2,5241E+07  1,8637E+07
0000170   3,5501E+09 -9,8298E+06  1,7810E+07
0000171   3,5501E+09 -6,3936E+06  2,7983E+07
0000172   3,5501E+09  6,6342E+07 -3,2539E+07
0000173   3,5501E+09  4,4287E+07  4,3460E+07
0000174   3,5501E+09 -1,9331E+07  1,5473E+07
0000175   3,5501E+09 -1,4433E+07  2,8500E+07
0000176   3,5501E+09  1,4956E+07 -1,4705E+07
0000177   3,5501E+09  1,2895E+07 -1,1936E+07
0000178   3,5501E+09 -4,5804E+07 -2,5422E+07
0000179   3,5501E+09  2,0427E+07  2,8747E+07
0000180   3,5501E+09 -7,0633E+05 -5,8294E+05
0000181   3,5501E+09  2,8328E+07 -1,6302E+07
0000182   3,5501E+09 -3,9033E+07 -3,6263E+07
0000183   3,5501E+09  7,8706E+06  1,3945E+07
0000184   3,5501E+09  3,9874E+07  5,1853E+06
0000185   3,5501E+09 -5,9148E+06 -1,6056E+07
0000186   3,5501E+09  6,0165E+06 -2,9760E+06
0000187   3,5501E+09  2,2444E+07  1,9664E+06
0000188   3,5501E+09  3,3585E+07  2,5814E+07
0000189   3,5501E+09  1,4768E+07 -1,2197E+07
0000190   3,5501E+09  4,4383E+07 -3,5216E+06
0000191   3,5501E+09 -1,1866E+06  4,0662E+07
0000192   3,5501E+09  7,5583E+06 -1,3711E+07
0000193   3,5501E+09 -1,1309E+07 -5,6805E+06
0000194   3,5501E+09  3,8089E+06 -2,5339E+07
0000195   3,5501E+09 -2,6490E+07 -1,3390E+06
0000196   3,5501E+09  5,0358E+06 -2,7602E+07
0000197   3,5501E+09 -3,0016E+07 -5,8049E+06
0000198   3,5501E+09  2,4216E+07 -1,8159E+07
0000199   3,5501E+09  8,8089E+06  4,9770E+06
0000200   3,5501E+09  3,6475E+07  2,5577E+07
0000201   3,5501E+09 -3,7470E+07 -2,5202E+07
0000202   3,5501E+09  3,5038E+07  2,3873E+07
0000203   3,5501E+09  3,9280E+06 -2,6615E+07
0000204   3,5501E+09  1,1758E+07 -2,4598E+07
0000205   3,5501E+09 -1,1987E+07  7,1713E+06
0000206   3,5501E+09 -4,1369E+07 -4,9068E+06
0000207   3,5501E+09 -1,2019E+07  3,0917E+07
0000208   3,5501E+09 -3,5726E+06 -1,8180E+07
0000209   3,5501E+09 -1,1509E+07  2,9601E+07
0000210   3,5501E+09 -2,5509E+07 -2,6372E+07
0000211   3,5501E+09  2,5464E+07  1,1700E+07
0000212   3,5501E+09  2,6596E+07  2,9183E+07
0000213   3,5501E+09  4,6192E+06 -6,2083E+06
0000214   3,5501E+09  9,4123E+04  1,3037E+07
0000215   3,5501E+09  6,7846E+06 -3,4107E+06
0000216   3,5501E+09 -7,1732E+06  4,8847E+06
0000217   3,5501E+09  5,3894E+06 -1,3344E+07
0000218   3,5501E+09  3,2248E+07  1,2652E+07
0000219   3,5501E+09 -4,8913E+06  1,6523E+08
0000220   3,5501E+09 -1,1325E+06  2,6018E+06
0000221   3,5501E+09  8,9243E+05  1,8295E+06
0000222   3,5501E+09 -3,5374E+07  1,7487E+07
0000223   3,5501E+09  1,7245E+07 -4,9412E+06
0000224   3,5501E+09  2,0382E+07 -6,4675E+06
0000225   3,5501E+09 -3,7370E+07 -7,7859E+07
0000226   3,5501E+09 -3,6191E+06 -2,0608E+07
0000227   3,5501E+09  3,7031E+07  3,3568E+07
0000228   3,5501E+09  7,1309E+06 -8,7256E+06
0000229   3,5501E+09 -2,4170E+06 -1,9782E+07
0000230   3,5501E+09 -1,0574E+08 -4,8542E+07
0000231   3,5501E+09  1,6281E+07  2,3588E+06
0000232   3,5501E+09  6,0155E+07  8,7348E+06
0000233   3,5501E+09 -3,7792E+07  1,2815E+06
0000234   3,5501E+09  5,3413E+07 -1,3753E+07
0000235   3,5501E+09 -4,2828E+07 -5,7711E+06
0000236   3,5501E+09  1,1332E+06  1,7498E+08
0000237   3,5501E+09  5,6252E+06 -9,6593E+05
0000238   3,5501E+09 -1,7104E+07  6,5387E+06
0000239   3,5501E+09  2,4061E+07 -5,9049E+06
0000240   3,5501E+09 -9,2971E+06  9,5885E+06
0000241   3,5501E+09 -2,6838E+07 -3,8025E+07
0000242   3,5501E+09 -5,4056E+07  6,0772E+06
0000243   3,5501E+09  1,5687E+07 -2,8255E+07
0000244   3,5501E+09  1,2133E+07 -1,9073E+07
0000245   3,5501E+09 -5,7444E+06 -1,3539E+07
0000246   3,5501E+09  2,9695E+06  4,1901E+07
0000247   3,5501E+09 -2,2658E+07 -2,4652E+07
0000248   3,5501E+09  3,1843E+07  2,7538E+07
0000249   3,5501E+09  8,9421E+07  7,8673E+06
0000250   3,5501E+09 -5,1369E+05  1,0923E+07
0000251   3,5501E+09 -8,0229E+06 -2,9992E+07
0000252   3,5501E+09  1,9287E+07 -2,8898E+06
0000253   3,5501E+09 -1,1286E+07  3,3363E+07
0000254   3,5501E+09  3,7253E+07 -4,8422E+06
0000255   3,5501E+09 -9,3690E+06  8,4516E+06
0000256   3,5501E+09 -4,6955E+07  4,2110E+06
0000257   3,5501E+09  3,5031E+07  2,4123E+07
0000258   3,5501E+09  2,8895E+07 -1,0628E+07
0000259   3,5501E+09  8,1274E+06  2,4634E+07
0000260   3,5501E+09 -5,9272E+06  1,2638E+07
0000261   3,5501E+09  1,8996E+07 -4,1142E+06
0000262   3,5501E+09  1,2794E+07 -3,4046E+07
0000263   3,5501E+09 -1,0869E+07 -2,1059E+07
0000264   3,5501E+09 -1,7793E+07 -2,2701E+07
0000265   3,5501E+09 -1,5846E+07  2,4534E+07
0000266   3,5501E+09  1,1584E+07  1,1458E+07
0000267   3,5501E+09 -7,4737E+06 -2,5992E+06
0000268   3,5501E+09  3,2266E+05 -1,9739E+07
0000269   3,5501E+09  1,2267E+07  4,2509E+07
0000270   3,5501E+09  4,0036E+06 -8,0963E+05
0000271   3,5501E+09 -1,7308E+07 -1,4230E+07
0000272   3,5501E+09  2,1394E+07 -3,8613E+06
0000273   3,5501E+09 -8,8935E+06  9,9707E+06
0000274   3,5501E+09  2,4942E+06  2,0342E+07
0000275   3,5501E+09 -1,5906E+07  7,0426E+06
0000276   3,5501E+09 -8,3984E+06  4,7127E+07
0000277   3,5501E+09 -5,0802E+06  7,5681E+06
0000278   3,5501E+09  4,7480E+07  7,8680E+06
0000279   3,5501E+09  3,2988E+07 -3,7188E+07
0000280   3,5501E+09  3,4748E+07  1,1573E+07
0000281   3,5501E+09  1,3752E+07  3,1057E+07
0000282   3,5501E+09 -2,0479E+07 -2,6760E+07
0000283   3,5501E+09 -1,9760E+07  3,2160E+07
0000284   3,5501E+09  6,3731E+07  1,7135E+06
0000285   3,5501E+09  2,5032E+07  6,3550E+06
0000286   3,5501E+09  5,1064E+06 -6,2268E+06
0000287   3,5501E+09 -2,4162E+08 -1,3676E+08
0000288   3,5501E+09 -3,6983E+07  8,2336E+06
0000289   3,5501E+09  1,8608E+07 -8,8825E+06
0000290   3,5501E+09 -9,1854E+04  1,1335E+07
0000291   3,5501E+09 -2,2937E+07 -2,1676E+07
0000292   3,5501E+09  7,4725E+06  1,0532E+07
0000293   3,5501E+09 -8,1409E+05 -1,9531E+07
0000294   3,5501E+09  4,3141E+06  3,4701E+07
0000295   3,5501E+09 -1,2557E+07 -9,0194E+06
0000296   3,5501E+09 -2,3006E+06 -8,1711E+06
0000297   3,5501E+09  1,0620E+08 -1,5159E+07
0000298   3,5501E+09  1,6814E+07 -1,0796E+07
0000299   3,5501E+09 -1,3441E+06  5,4453E+06
0000300   3,5501E+09  2,2236E+07 -2,7309E+07
0000301   3,5501E+09  3,6852E+07  4,7667E+07
0000302   3,5501E+09  1,4077E+07 -2,0546E+07
0000303   3,5501E+09 -1,2414E+07 -2,1298E+07
0000304   3,5501E+09 -1,1835E+07 -1,9431E+07
0000305   3,5501E+09 -5,9853E+06 -2,3372E+06
0000306   3,5501E+09  5,8173E+05 -2,6222E+07
0000307   3,5501E+09  1,2477E+07  2,6426E+07
0000308   3,5501E+09 -2,5537E+06 -1,4239E+07
0000309   3,5501E+09  8,1620E+06 -3,2250E+07
0000310   3,5501E+09 -1,5005E+07  7,4374E+06
0000311   3,5501E+09  3,0542E+07  3,2528E+07
0000312   3,5501E+09  1,8507E+07 -1,7091E+07
0000313   3,5501E+09 -9,5493E+06 -2,0693E+07
0000314   3,5501E+09  1,4783E+07  5,9889E+05
0000315   3,5501E+09  1,7204E+06  6,1606E+06
0000316   3,5501E+09  1,3153E+07  2,9059E+06
0000317   3,5501E+09 -8,4276E+05  8,8010E+06
0000318   3,5501E+09 -3,1787E+07 -9,0503E+06
0000319   3,5501E+09  3,1359E+06  1,0845E+07
0000320   3,5501E+09 -1,7168E+07 -1,0982E+07
0000321   3,5501E+09  1,2417E+07 -2,3011E+06
0000322   3,5501E+09 -2,6549E+07 -1,9415E+07
0000323   3,5501E+09  7,5254E+07 -2,5850E+07
0000324   3,5501E+09 -4,4446E+06 -8,5352E+06
0000325   3,5501E+09  1,9400E+07 -7,8398E+06
0000326   3,5501E+09 -1,8047E+07 -9,9223E+06
0000327   3,5501E+09  3,1880E+07 -2,1390E+07
0000328   3,5501E+09  2,5552E+06  1,8164E+07
0000329   3,5501E+09  1,7112E+07 -3,5028E+07
0000330   3,5501E+09 -3,1904E+07 -1,8563E+07
0000331   3,5501E+09 -2,8085E+06  4,2499E+06
0000332   3,5501E+09 -4,4582E+07 -3,1831E+07
0000333   3,5501E+09 -4,0597E+07  6,2291E+07
0000334   3,5501E+09 -3,6500E+06  3,0429E+06
0000335   3,5501E+09  1,1837E+07  1,3620E+07
0000336   3,5501E+09 -2,5000E+07 -2,4705E+07
0000337   3,5501E+09  1,5167E+07 -3,6636E+07
0000338   3,5501E+09  1,4912E+06 -1,4938E+07
0000339   3,5501E+09  3,2361E+06 -4,2580E+06
0000340   3,5501E+09  2,2834E+07  2,3253E+07
0000341   3,5501E+09  4,4278E+07 -2,6443E+06
0000342   3,5501E+09  7,8507E+06  2,0968E+06
0000343   3,5501E+09 -1,7399E+07  1,3400E+07
0000344   3,5501E+09  2,1624E+07  9,6572E+06
0000345   3,5501E+09  3,5413E+06 -2,8711E+07
0000346   3,5501E+09 -1,6265E+07 -2,4734E+06
0000347   3,5501E+09 -4,2222E+07 -1,7038E+07
0000348   3,5501E+09 -6,9565E+06 -1,4404E+06
0000349   3,5501E+09  1,0077E+07 -2,5933E+06
0000350   3,5501E+09  4,1107E+07  3,2339E+06
0000351   3,5501E+09  4,6616E+07  4,8188E+05
0000352   3,5501E+09  1,0597E+07 -3,0529E+07
0000353   3,5501E+09  8,6332E+07  2,8549E+07
0000354   3,5501E+09 -2,1560E+07  3,3969E+07
0000355   3,5501E+09  4,4593E+06 -1,2940E+07
0000356   3,5501E+09  2,5162E+07  1,8927E+07
0000357   3,5501E+09  2,0458E+07 -2,7308E+07
0000358   3,5501E+09 -7,6362E+06 -2,0270E+06
0000359   3,5501E+09  1,6303E+07 -2,1107E+07
0000360   3,5501E+09  1,9532E+07 -1,1002E+07
0000361   3,5501E+09  3,7841E+06 -6,0203E+05
0000362   3,5501E+09  1,9234E+07  3,7166E+05
0000363   3,5501E+09 -6,6417E+06  1,6199E+07
0000364   3,5501E+09 -1,1985E+07 -1,8135E+07
0000365   3,5501E+09 -3,7031E+07  8,8097E+06
0000366   3,5501E+09 -2,0866E+07 -5,5115E+04
0000367   3,5501E+09  5,0466E+07 -2,4256E+07
0000368   3,5501E+09  1,2151E+06  2,0882E+07
0000369   3,5501E+09  3,9657E+07  3,9390E+07
0000370   3,5501E+09 -5,7342E+06 -1,5154E+07
0000371   3,5501E+09  5,6188E+07  3,6014E+07
0000372   3,5501E+09  3,4726E+07 -3,3187E+06
0000373   3,5501E+09 -9,8722E+06  2,4831E+07
0000374   3,5501E+09 -2,8374E+07  1,0587E+07
0000375   3,5501E+09  4,1451E+06  4,2895E+06
0000376   3,5501E+09  8,1166E+06  6,2044E+06
0000377   3,5501E+09 -1,0669E+06  3,7495E+07
0000378   3,5501E+09 -3,5132E+07 -1,3728E+07
0000379   3,5501E+09 -3,2991E+06 -1,1647E+07
0000380   3,5501E+09 -2,8222E+07 -2,0156E+06
0000381   3,5501E+09  2,4101E+07 -2,5050E+07
0000382   3,5501E+09  9,7202E+06 -4,2987E+07
0000383   3,5501E+09  2,8505E+06  8,6676E+06
0000384   3,5501E+09  2,1088E+07  1,1060E+07
0000385   3,5501E+09  1,2744E+07 -4,2714E+06
0000386   3,5501E+09  1,5605E+07 -1,3323E+07
0000387   3,5501E+09  1,6029E+07 -5,3722E+06
0000388   3,5501E+09  1,1743E+06 -1,8920E+07
0000389   3,5501E+09  2,1765E+06 -1,2319E+07
0000390   3,5501E+09  9,8105E+06 -1,6888E+07
0000391   3,5501E+09 -5,0580E+06 -3,7156E+07
0000392   3,5501E+09 -1,4481E+07  3,6472E+07
0000393   3,5501E+09 -1,5224E+07  5,8035E+06
0000394   3,5501E+09 -1,9046E+07 -2,9826E+07
0000395   3,5501E+09 -2,8158E+06  2,5650E+07
0000396   3,5501E+09  3,6102E+07 -1,1821E+07
0000397   3,5501E+09 -3,2087E+07  1,8870E+08
0000398   3,5501E+09 -1,1155E+07 -3,4366E+06
0000399   3,5501E+09  2,0684E+07  1,9073E+07
0000400   3,5501E+09  1,6499E+07  3,5484E+07
0000401   3,5501E+09 -2,2042E+07 -3,5884E+06
0000402   3,5501E+09 -8,7957E+06 -7,5581E+05
0000403   3,5501E+09  3,1488E+07  2,3323E+07
0000404   3,5501E+09 -9,6334E+06  2,3918E+07
0000405   3,5501E+09  2,0547E+07 -1,9465E+07
0000406   3,5501E+09  4,4193E+06 -1,8340E+07
0000407   3,5501E+09 -1,5617E+06 -6,5783E+06
0000408   3,5501E+09  6,2311E+06  1,0440E+06
0000409   3,5501E+09  7,5657E+06  5,2406E+06
0000410   3,5501E+09  3,9411E+07  5,0475E+07
0000411   3,5501E+09  1,0297E+07 -3,3021E+07
0000412   3,5501E+09  9,1332E+05  7,9693E+06
0000413   3,5501E+09 -9,7309E+06  1,3398E+07
0000414   3,5501E+09 -2,2796E+07  4,4436E+06
0000415   3,5501E+09 -2,2639E+07  3,5300E+07
0000416   3,5501E+09  1,1924E+07 -1,1267E+07
0000417   3,5501E+09  3,6897E+06  1,0916E+07
0000418   3,5501E+09 -3,0121E+06 -4,8730E+06
0000419   3,5501E+09 -1,4689E+07 -3,8157E+06
0000420   3,5501E+09  2,1331E+07 -3,0402E+07
0000421   3,5501E+09 -1,2809E+07  3,0920E+06
0000422   3,5501E+09  4,0520E+07 -1,3381E+07
0000423   3,5501E+09 -1,1274E+07 -7,9311E+06
0000424   3,5501E+09 -6,7342E+06  2,9152E+07
0000425   3,5501E+09 -1,0138E+07 -8,8425E+07
0000426   3,5501E+09  5,1718E+06  2,1905E+06
0000427   3,5501E+09 -4,4677E+07  3,3387E+07
0000428   3,5501E+09 -3,9224E+07 -3,7833E+07
0000429   3,5501E+09 -2,9784E+07 -2,1933E+07
0000430   3,5501E+09 -7,2770E+06  1,5420E+07
0000431   3,5501E+09  9,3039E+06 -6,3163E+07
0000432   3,5501E+09  2,0264E+07 -3,1348E+07
0000433   3,5501E+09  3,5395E+06 -1,4475E+07
0000434   3,5501E+09 -1,2367E+07 -6,9967E+06
0000435   3,5501E+09  5,1016E+06  2,2873E+07
0000436   3,5501E+09 -2,4806E+07  1,7892E+07
0000437   3,5501E+09  3,9992E+06  2,2321E+07
0000438   3,5501E+09  3,7915E+07 -1,1555E+07
0000439   3,5501E+09 -2,9526E+07  4,1326E+07
0000440   3,5501E+09  4,3684E+07  2,0335E+07
0000441   3,5501E+09 -7,6529E+07  4,0900E+07
0000442   3,5501E+09  6,4576E+06  2,6864E+07
0000443   3,5501E+09 -5,4910E+07  1,1406E+07
0000444   3,5501E+09 -8,7246E+06 -3,7262E+07
0000445   3,5501E+09 -6,0380E+06 -1,2344E+06
0000446   3,5501E+09  4,0406E+07  2,6293E+07
0000447   3,5501E+09  5,6723E+06  2,9186E+07
0000448   3,5501E+09  2,2405E+07  1,6831E+07
0000449   3,5501E+09 -3,1089E+06 -9,8135E+05
0000450   3,5501E+09  2,5995E+07  5,2592E+06
0000451   3,5501E+09 -3,6298E+07 -2,3891E+07
0000452   3,5501E+09 -4,5679E+06 -1,3900E+07
0000453   3,5501E+09  2,5410E+07  3,1101E+07
0000454   3,5501E+09  1,9227E+07 -1,5751E+07
0000455   3,5501E+09  5,9717E+05  3,9950E+06
0000456   3,5501E+09 -1,6308E+07 -9,0180E+06
0000457   3,5501E+09 -6,5408E+06 -2,4761E+07
0000458   3,5501E+09 -3,3332E+06 -1,5852E+07
0000459   3,5501E+09 -4,9041E+06  1,7166E+07
0000460   3,5501E+09  1,6229E+07 -1,0862E+07
0000461   3,5501E+09  1,7221E+06 -2,2009E+06
0000462   3,5501E+09 -1,2706E+07  1,6442E+07
0000463   3,5501E+09  9,7297E+06 -5,9028E+06
0000464   3,5501E+09  9,7223E+06 -1,1094E+07
0000465   3,5501E+09 -3,0041E+06  7,0702E+06
0000466   3,5501E+09 -6,0502E+06  1,2213E+07
0000467   3,5501E+09 -3,0325E+07 -6,0256E+06
0000468   3,5501E+09 -9,4375E+06  1,9278E+07
0000469   3,5501E+09  4,3577E+07  1,5407E+07
0000470   3,5501E+09 -1,4700E+07  8,0043E+06
0000471   3,5501E+09 -3,6011E+07 -5,2933E+07
0000472   3,5501E+09 -4,6448E+06  1,2941E+07
0000473   3,5501E+09  2,2560E+06  3,6744E+07
0000474   3,5501E+09 -7,1955E+06  2,9762E+06
0000475   3,5501E+09  1,0398E+07 -1,8579E+05
0000476   3,5501E+09  2,9590E+07 -1,3382E+07
0000477   3,5501E+09  2,1987E+07 -7,6876E+06
0000478   3,5501E+09 -1,9892E+07  1,5493E+07
0000479   3,5501E+09  2,2521E+07  3,9067E+07
0000480   3,5501E+09 -3,1480E+06  1,9871E+06
0000481   3,5501E+09 -3,2676E+07 -3,8714E+07
0000482   3,5501E+09  2,5927E+05  1,7176E+07
0000483   3,5501E+09  4,9376E+07  1,8889E+07
0000484   3,5501E+09  2,3768E+07 -4,1613E+06
0000485   3,5501E+09 -1,5750E+07  8,6924E+06
0000486   3,5501E+09 -8,2919E+06  2,5847E+07
0000487   3,5501E+09  7,2507E+06  1,4383E+07
0000488   3,5501E+09  4,2080E+06 -5,6029E+06
0000489   3,5501E+09  1,2108E+07  8,0273E+06
0000490   3,5501E+09 -1,7388E+07  1,3216E+07
0000491   3,5501E+09  3,9250E+05 -1,6373E+07
0000492   3,5501E+09 -3,9479E+07  5,0830E+06
0000493   3,5501E+09 -8,3599E+07  6,4326E+07
0000494   3,5501E+09  1,3478E+07 -3,9518E+06
0000495   3,5501E+09 -7,9978E+05  3,2676E+07
0000496   3,5501E+09  4,8329E+06 -5,2744E+07
0000497   3,5501E+09 -9,8871E+06 -5,4156E+06
0000498   3,5501E+09 -1,8635E+07  7,1156E+06
0000499   3,5501E+09 -1,2591E+07  2,0394E+06
0000500   3,5501E+09 -6,1553E+05  2,8823E+07
0000501   3,5501E+09  2,4064E+07 -1,2339E+08
0000502   3,5501E+09  1,8798E+07 -3,2261E+06
0000503   3,5501E+09  1,5226E+07 -1,3601E+07
0000504   3,5501E+09  1,6696E+07 -3,0757E+07
0000505   3,5501E+09  9,4774E+06 -2,1498E+07
0000506   3,5501E+09  1,5813E+07  3,7063E+05
0000507   3,5501E+09  2,2155E+07  1,5166E+07
0000508   3,5501E+09 -1,6297E+07 -9,5964E+06
0000509   3,5501E+09  4,7508E+05  5,9214E+06
0000510   3,5501E+09 -1,3548E+07  8,6354E+06
0000511   3,5501E+09 -4,1260E+06  3,0301E+07
0000512   3,5501E+09  8,2416E+06  3,8956E+06
0000513   3,5501E+09  1,2719E+07 -2,0083E+07
0000514   3,5501E+09  2,0496E+07 -2,6585E+07
0000515   3,5501E+09 -3,2917E+05  9,8405E+06
0000516   3,5501E+09  2,1618E+07 -3,9486E+07
0000517   3,5501E+09  4,8669E+06  7,1954E+07
0000518   3,5501E+09 -1,9403E+06  7,9164E+06
0000519   3,5501E+09  6,3332E+05 -2,3441E+07
0000520   3,5501E+09  1,2278E+07  3,4295E+07
0000521   3,5501E+09  1,1610E+07  3,0704E+06
0000522   3,5501E+09 -1,3165E+07 -4,5561E+07
0000523   3,5501E+09  4,3185E+07  1,5179E+07
0000524   3,5501E+09  9,0889E+06  7,6406E+06
0000525   3,5501E+09 -1,5027E+07 -1,3352E+07
0000526   3,5501E+09 -8,1721E+07 -5,6339E+07
0000527   3,5501E+09 -1,8601E+07 -6,9368E+06
0000528   3,5501E+09  1,4468E+07  2,5439E+06
0000529   3,5501E+09 -7,3515E+06 -9,7514E+06
0000530   3,5501E+09  7,6545E+06  7,8141E+06
0000531   3,5501E+09 -4,1864E+07 -6,0653E+07
0000532   3,5501E+09 -2,0318E+07  1,2068E+07
0000533   3,5501E+09 -3,2716E+06  1,1162E+07
0000534   3,5501E+09 -1,5396E+07  2,8161E+06
0000535   3,5501E+09 -4,9631E+07 -1,2846E+07
0000536   3,5501E+09 -8,5754E+07  2,4235E+07
0000537   3,5501E+09  6,3586E+06  1,1185E+07
0000538   3,5501E+09  2,0262E+07  1,2791E+07
0000539   3,5501E+09 -1,5625E+07  3,4991E+07
0000540   3,5501E+09 -1,9793E+07 -3,7069E+07
0000541   3,5501E+09 -3,0707E+06 -1,7244E+07
0000542   3,5501E+09  7,2540E+06  4,8360E+06
0000543   3,5501E+09  1,2012E+07  1,2872E+07
0000544   3,5501E+09 -5,8931E+06 -2,1463E+07
0000545   3,5501E+09 -6,1198E+07 -5,7253E+07
0000546   3,5501E+09 -3,9655E+06  8,2465E+06
0000547   3,5501E+09  2,5598E+06 -1,3032E+07
0000548   3,5501E+09 -5,2326E+07 -8,8711E+05
0000549   3,5501E+09 -1,8241E+07  3,2356E+07
0000550   3,5501E+09  1,3278E+07 -3,4352E+07
0000551   3,5501E+09 -5,7232E+06 -1,5228E+07
0000552   3,5501E+09 -2,1071E+07  1,3959E+07
0000553   3,5501E+09 -4,0558E+07 -9,5870E+06
0000554   3,5501E+09  2,5645E+05 -3,0847E+06
0000555   3,5501E+09  3,4956E+08  1,7758E+08
0000556   3,5501E+09 -1,9052E+05 -8,3394E+06
0000557   3,5501E+09  3,7464E+07  1,4978E+07
0000558   3,5501E+09 -1,8064E+07 -1,2540E+07
0000559   3,5501E+09 -1,3355E+07 -1,1921E+07
0000560   3,5501E+09  3,5289E+06  5,1406E+06
0000561   3,5501E+09  3,7176E+06  9,3861E+06
0000562   3,5501E+09 -6,0909E+06 -2,5376E+06
0000563   3,5501E+09  2,2204E+07  7,8796E+06
0000564   3,5501E+09 -5,5165E+05 -2,0344E+07
0000565   3,5501E+09 -1,6293E+06 -3,0531E+07
0000566   3,5501E+09 -3,3173E+07 -1,1344E+07
0000567   3,5501E+09 -3,2723E+06 -6,9891E+06
0000568   3,5501E+09 -7,9018E+06  1,8587E+07
0000569   3,5501E+09  5,1932E+07  2,2158E+06
0000570   3,5501E+09 -3,0489E+07  3,0986E+07
0000571   3,5501E+09 -4,4735E+07 -4,6904E+07
0000572   3,5501E+09  1,2238E+07 -1,0838E+07
0000573   3,5501E+09 -6,0285E+07 -3,3915E+06
0000574   3,5501E+09 -1,8566E+07 -5,5791E+07
0000575   3,5501E+09  2,7853E+06  2,3008E+07
0000576   3,5501E+09 -1,8813E+07  2,1602E+06
0000577   3,5501E+09  7,0919E+06 -1,8234E+07
0000578   3,5501E+09  2,0714E+07 -6,9555E+06
0000579   3,5501E+09  2,3683E+06 -8,9648E+06
0000580   3,5501E+09 -1,5524E+07 -3,0735E+07
0000581   3,5501E+09 -1,0135E+07 -9,8315E+06
0000582   3,5501E+09 -1,2743E+07  2,4294E+07
0000583   3,5501E+09  2,0415E+07 -1,1010E+07
0000584   3,5501E+09 -7,9948E+05 -5,6840E+07
0000585   3,5501E+09  8,7847E+06  3,1948E+06
0000586   3,5501E+09 -2,6996E+07  2,8433E+06
0000587   3,5501E+09  1,7972E+07  5,7692E+06
0000588   3,5501E+09 -1,1795E+07  2,4321E+07
0000589   3,5501E+09  1,2674E+07  2,8227E+07
0000590   3,5501E+09  9,1435E+06  1,7585E+07
0000591   3,5501E+09 -2,0659E+07 -2,9520E+07
0000592   3,5501E+09  2,5217E+07  5,8800E+05
0000593   3,5501E+09  1,8098E+07  1,5732E+07
0000594   3,5501E+09  7,8200E+06  4,3029E+07
0000595   3,5501E+09 -9,0225E+06 -2,9439E+06
0000596   3,5501E+09 -5,3746E+07  5,9795E+07
0000597   3,5501E+09 -8,0655E+06  5,0951E+05
0000598   3,5501E+09 -1,7127E+07 -1,9775E+07
0000599   3,5501E+09  2,6137E+07  2,7401E+07
0000600   3,5501E+09  3,3281E+07 -9,4916E+05
0000601   3,5501E+09 -2,9402E+06 -6,6763E+05
0000602   3,5501E+09 -8,2004E+06 -2,1542E+07
0000603   3,5501E+09  4,0336E+07  1,6834E+07
0000604   3,5501E+09 -7,9655E+06  1,9057E+07
0000605   3,5501E+09 -2,2244E+07 -5,5650E+06
0000606   3,5501E+09 -1,4533E+07  3,2983E+07
0000607   3,5501E+09 -1,2034E+07  1,9580E+07
0000608   3,5501E+09  4,2469E+06  2,6041E+07
0000609   3,5501E+09  2,8940E+07 -1,3100E+06
0000610   3,5501E+09  1,8378E+07 -1,7752E+07
0000611   3,5501E+09  3,6452E+07  5,9394E+06
0000612   3,5501E+09 -2,9209E+07  1,2212E+07
0000613   3,5501E+09 -9,3470E+04 -7,0232E+05
0000614   3,5501E+09 -1,1158E+07 -2,2895E+07
0000615   3,5501E+09  1,3662E+07 -3,9087E+07
0000616   3,5501E+09  2,4695E+07 -5,1864E+06
0000617   3,5501E+09 -9,5549E+06  2,9313E+07
0000618   3,5501E+09 -3,9332E+07  6,1332E+06
0000619   3,5501E+09  2,2889E+07 -1,3643E+07
0000620   3,5501E+09 -5,7638E+07 -3,4754E+07
0000621   3,5501E+09 -1,4494E+07  1,4640E+07
0000622   3,5501E+09  1,1446E+07 -1,1574E+07
0000623   3,5501E+09  4,2502E+07 -4,7385E+07
0000624   3,5501E+09  1,1172E+07  3,3216E+07
0000625   3,5501E+09  1,2694E+07 -1,7738E+07
0000626   3,5501E+09  1,4621E+07 -2,2119E+07
0000627   3,5501E+09  1,1315E+07  1,3618E+07
0000628   3,5501E+09 -4,7478E+06  1,6953E+07
0000629   3,5501E+09 -3,0529E+07 -4,3275E+07
0000630   3,5501E+09  6,4926E+07  7,0048E+06
0000631   3,5501E+09  2,1956E+07 -3,5848E+05
0000632   3,5501E+09  1,1272E+07 -2,1559E+07
0000633   3,5501E+09  2,1949E+07 -1,8036E+07
0000634   3,5501E+09 -3,2874E+07  1,0071E+07
0000635   3,5501E+09  2,2262E+06  5,7678E+06
0000636   3,5501E+09  1,5950E+07  1,0085E+07
0000637   3,5501E+09 -1,0277E+07  2,0659E+07
0000638   3,5501E+09 -1,2734E+06  2,3186E+07
0000639   3,5501E+09  9,3616E+06 -4,5282E+07
0000640   3,5501E+09 -2,9545E+06  3,7501E+07
0000641   3,5501E+09 -4,3831E+07  2,6714E+06
0000642   3,5501E+09  1,6524E+06 -3,2308E+07
0000643   3,5501E+09 -1,0519E+07  1,0466E+07
0000644   3,5501E+09  7,8900E+05 -1,0470E+07
0000645   3,5501E+09 -3,2799E+06 -4,5179E+07
0000646   3,5501E+09  5,9108E+06 -1,5126E+07
0000647   3,5501E+09 -4,9852E+06  1,2605E+07
0000648   3,5501E+09 -1,0655E+07  2,5681E+07
0000649   3,5501E+09 -8,8650E+05 -9,2253E+05
0000650   3,5501E+09 -1,2285E+07  3,7248E+07
0000651   3,5501E+09  5,5504E+06  2,2586E+07
0000652   3,5501E+09 -9,2899E+04  2,4165E+07
0000653   3,5501E+09 -2,0505E+07  1,3653E+07
0000654   3,5501E+09 -2,4052E+06 -1,9038E+07
0000655   3,5501E+09 -4,2102E+07  3,7942E+07
0000656   3,5501E+09 -4,0821E+05 -9,4902E+06
0000657   3,5501E+09 -6,3019E+06  1,9820E+07
0000658   3,5501E+09  1,7672E+07 -1,7923E+05
0000659   3,5501E+09  1,9954E+07  1,6521E+05
0000660   3,5501E+09 -1,8322E+07  3,3311E+07
0000661   3,5501E+09  1,5260E+07 -1,5831E+07
0000662   3,5501E+09 -5,1892E+06 -3,2721E+06
0000663   3,5501E+09 -2,9419E+07 -9,6465E+05
0000664   3,5501E+09  1,9358E+07 -2,4073E+07
0000665   3,5501E+09  1,2436E+07  8,9925E+05
0000666   3,5501E+09  3,9797E+06  1,6309E+07
0000667   3,5501E+09 -2,5863E+07  1,1025E+07
0000668   3,5501E+09 -4,9843E+06 -1,9036E+07
0000669   3,5501E+09 -4,4528E+07  9,6946E+06
0000670   3,5501E+09  1,1805E+08  2,9715E+08
0000671   3,5501E+09 -3,7232E+06 -1,4709E+07
0000672   3,5501E+09  2,9422E+07  2,1742E+06
0000673   3,5501E+09 -1,4690E+07  1,5816E+07
0000674   3,5501E+09  9,1094E+07 -1,4405E+07
0000675   3,5501E+09 -2,5186E+07  6,0146E+05
0000676   3,5501E+09 -5,6583E+06  1,6474E+07
0000677   3,5501E+09 -2,1942E+07 -4,6415E+06
0000678   3,5501E+09 -3,0885E+07  3,7369E+07
0000679   3,5501E+09 -1,7524E+06  1,0459E+07
0000680   3,5501E+09  1,3222E+07  1,7117E+07
0000681   3,5501E+09  7,2535E+06  8,2635E+06
0000682   3,5501E+09  2,2282E+07  1,2331E+07
0000683   3,5501E+09 -2,8963E+07  2,5140E+07
0000684   3,5501E+09  1,8832E+07  2,0472E+07
0000685   3,5501E+09 -4,5347E+07 -3,9550E+07
0000686   3,5501E+09 -2,9552E+07  1,7554E+06
0000687   3,5501E+09  5,3666E+06 -2,7658E+06
0000688   3,5501E+09  4,1598E+06  1,7415E+07
0000689   3,5501E+09  1,6863E+07 -2,0296E+07
0000690   3,5501E+09  3,4292E+06 -4,5450E+07
0000691   3,5501E+09 -3,1722E+07  1,5901E+06
0000692   3,5501E+09 -7,9240E+06 -1,3104E+06
0000693   3,5501E+09 -1,8697E+07 -1,8868E+06
0000694   3,5501E+09  6,3732E+06 -1,6409E+07
0000695   3,5501E+09 -1,1577E+07 -9,9296E+05
0000696   3,5501E+09 -2,0698E+07 -2,0066E+07
0000697   3,5501E+09 -1,7702E+07 -4,0491E+07
0000698   3,5501E+09 -9,0418E+06  1,6046E+07
0000699   3,5501E+09 -3,8602E+07 -1,6093E+07
0000700   3,5501E+09  1,0089E+07 -1,2020E+07
0000701   3,5501E+09 -2,4026E+07  9,7229E+06
0000702   3,5501E+09  4,0489E+07  2,1588E+07
0000703   3,5501E+09  1,9725E+07  9,6284E+06
0000704   3,5501E+09  1,8683E+07  2,0725E+07
0000705   3,5501E+09 -2,2928E+07 -1,5161E+07
0000706   3,5501E+09 -7,3914E+07  7,0325E+07
0000707   3,5501E+09  1,9749E+06 -1,1653E+07
0000708   3,5501E+09  4,1889E+06  2,0620E+07
0000709   3,5501E+09  2,7271E+07  2,6491E+07
0000710   3,5501E+09  1,1955E+07 -1,2942E+07
0000711   3,5501E+09  2,1854E+07 -1,7012E+07
0000712   3,5501E+09 -2,1174E+07  2,4029E+06
0000713   3,5501E+09  3,8659E+07 -3,1030E+07
0000714   3,5501E+09 -4,2625E+06 -2,7629E+07
0000715   3,5501E+09 -1,0760E+07  4,9603E+07
0000716   3,5501E+09 -1,7495E+07 -1,5627E+07
0000717   3,5501E+09  1,7098E+07  1,5082E+07
0000718   3,5501E+09 -9,5694E+06  8,9523E+06
0000719   3,5501E+09 -2,4496E+07 -1,8502E+06
0000720   3,5501E+09 -1,2955E+07 -4,3195E+06
0000721   3,5501E+09 -9,9420E+06  1,5192E+07
0000722   3,5501E+09 -1,3938E+07  1,2650E+07
0000723   3,5501E+09  2,2830E+07  2,9036E+07
0000724   3,5501E+09 -1,2029E+07 -2,9080E+06
0000725   3,5501E+09  5,3841E+07  2,0089E+07
0000726   3,5501E+09  2,3975E+07  1,5643E+07
0000727   3,5501E+09 -2,6824E+06 -8,0753E+06
0000728   3,5501E+09 -3,2122E+07  2,1057E+06
0000729   3,5501E+09  2,2222E+07  3,4416E+06
0000730   3,5501E+09  7,4850E+06 -1,0637E+06
0000731   3,5501E+09  1,8759E+07 -2,3159E+07
0000732   3,5501E+09  1,7881E+07  3,5409E+07
0000733   3,5501E+09  3,0082E+06 -2,9728E+06
0000734   3,5501E+09 -2,1815E+06 -5,7036E+06
0000735   3,5501E+09 -2,8265E+07  4,2172E+07
0000736   3,5501E+09 -1,9758E+07 -2,7529E+07
0000737   3,5501E+09 -2,7125E+07  4,5031E+06
0000738   3,5501E+09 -6,4615E+06 -1,4302E+07
0000739   3,5501E+09 -4,3854E+06 -9,5529E+05
0000740   3,5501E+09 -4,7625E+07  1,1105E+07
0000741   3,5501E+09  2,3263E+07 -3,6749E+06
0000742   3,5501E+09 -1,0494E+07  1,1653E+07
0000743   3,5501E+09  1,3912E+07  3,4295E+06
0000744   3,5501E+09 -9,1977E+06  2,2206E+07
0000745   3,5501E+09 -1,0388E+07 -3,2833E+07
0000746   3,5501E+09  3,8566E+06  1,7161E+07
0000747   3,5501E+09 -7,3720E+06 -1,0042E+07
0000748   3,5501E+09  2,9869E+07 -6,3047E+06
0000749   3,5501E+09  5,5415E+07 -1,0396E+06
0000750   3,5501E+09 -1,1935E+07 -4,6429E+07
0000751   3,5501E+09  2,1743E+07 -1,5522E+07
0000752   3,5501E+09  2,5335E+06 -2,9171E+07
0000753   3,5501E+09 -2,7891E+06  5,4997E+05
0000754   3,5501E+09  2,9342E+07 -8,7917E+06
0000755   3,5501E+09  1,3234E+06  8,2397E+06
0000756   3,5501E+09 -1,0199E+07  6,9949E+07
0000757   3,5501E+09  2,4714E+05  1,5712E+07
0000758   3,5501E+09  2,1823E+07 -1,9293E+07
0000759   3,5501E+09 -2,8453E+07  1,7204E+07
0000760   3,5501E+09  1,0423E+07  5,6545E+06
0000761   3,5501E+09 -2,0925E+07 -2,9801E+06
0000762   3,5501E+09  2,4691E+07  2,1010E+06
0000763   3,5501E+09  1,4714E+07 -2,9581E+07
0000764   3,5501E+09  1,5257E+08  6,8355E+07
0000765   3,5501E+09  4,5657E+07 -1,9003E+07
0000766   3,5501E+09  1,0587E+07 -2,0677E+07
0000767   3,5501E+09  5,4906E+06 -1,4449E+07
0000768   3,5501E+09 -2,4522E+07  2,1596E+07
0000769   3,5501E+09 -1,7437E+07 -2,8143E+07
0000770   3,5501E+09 -4,4893E+05 -1,5465E+06
0000771   3,5501E+09  2,5892E+07  2,7449E+07
0000772   3,5501E+09 -3,9300E+07  2,9007E+07
0000773   3,5501E+09 -2,0217E+07 -1,3046E+07
0000774   3,5501E+09  7,4572E+07  2,5316E+07
0000775   3,5501E+09  2,7827E+07  8,7305E+06
0000776   3,5501E+09  2,7224E+07  3,9513E+06
0000777   3,5501E+09  4,4300E+07  5,5602E+06
0000778   3,5501E+09 -1,5452E+07  1,4440E+07
0000779   3,5501E+09  2,5821E+06  2,9377E+06
0000780   3,5501E+09  9,1072E+06 -3,0353E+06
0000781   3,5501E+09 -4,4374E+07 -5,2374E+07
0000782   3,5501E+09 -7,9389E+07  1,5113E+07
0000783   3,5501E+09  4,6484E+07  4,1181E+07
0000784   3,5501E+09 -2,4357E+07  3,1110E+07
0000785   3,5501E+09  1,2873E+07  3,6929E+07
0000786   3,5501E+09 -2,8605E+07 -1,8083E+07
0000787   3,5501E+09  2,0060E+07  3,3330E+07
0000788   3,5501E+09  3,0290E+07 -1,6779E+07
0000789   3,5501E+09 -2,4323E+07 -1,2612E+07
0000790   3,5501E+09 -1,0569E+07 -2,0946E+07
0000791   3,5501E+09 -6,0968E+06  2,1033E+07
0000792   3,5501E+09 -1,0877E+07  1,3363E+07
0000793   3,5501E+09 -1,5889E+07 -1,1691E+07
0000794   3,5501E+09  1,8441E+07 -8,1435E+06
0000795   3,5501E+09 -1,7225E+07 -1,6844E+07
0000796   3,5501E+09  2,2717E+07 -2,2975E+04
0000797   3,5501E+09  1,1642E+07 -1,2425E+07
0000798   3,5501E+09  6,3331E+06  3,4439E+06
0000799   3,5501E+09  2,6077E+07 -3,4621E+07
0000800   3,5501E+09  1,3456E+07 -1,4898E+07
0000801   3,5501E+09 -1,5902E+07 -6,2279E+06
0000802   3,5501E+09  1,1289E+07 -1,9614E+07
0000803   3,5501E+09  3,2160E+07 -1,0316E+07
0000804   3,5501E+09 -4,0026E+07 -1,6381E+06
0000805   3,5501E+09 -1,0607E+07 -5,6269E+07
0000806   3,5501E+09 -1,3927E+07  4,8882E+06
0000807   3,5501E+09 -2,6956E+07  9,9777E+06
0000808   3,5501E+09  1,6155E+07  1,1522E+08
0000809   3,5501E+09 -1,6192E+07 -4,9295E+06
0000810   3,5501E+09 -2,3191E+07 -8,6762E+06
0000811   3,5501E+09  7,6877E+07  2,6275E+07
0000812   3,5501E+09 -9,4344E+06  8,4565E+06
0000813   3,5501E+09 -1,7329E+07 -2,9372E+07
0000814   3,5501E+09  1,9708E+07  2,5239E+07
0000815   3,5501E+09  1,3954E+07  2,8889E+07
0000816   3,5501E+09  1,5507E+07 -3,3954E+06
0000817   3,5501E+09 -1,3274E+07  1,2469E+07
0000818   3,5501E+09 -1,3676E+07 -1,4910E+07
0000819   3,5501E+09 -2,7758E+07  3,8432E+06
0000820   3,5501E+09 -1,6376E+07 -4,1192E+07
0000821   3,5501E+09  4,4636E+07 -5,7892E+07
0000822   3,5501E+09 -6,8819E+06  2,4917E+07
0000823   3,5501E+09  3,9476E+07  4,8289E+07
0000824   3,5501E+09 -1,5523E+07  7,9945E+05
0000825   3,5501E+09  1,8783E+07  1,9630E+07
0000826   3,5501E+09  3,4856E+06  2,5750E+07
0000827   3,5501E+09  4,0869E+07  2,0509E+07
0000828   3,5501E+09  3,0390E+07  7,6191E+06
0000829   3,5501E+09  9,0878E+06  7,1669E+07
0000830   3,5501E+09  1,8097E+07  2,6084E+07
0000831   3,5501E+09  2,3912E+07 -2,8838E+07
0000832   3,5501E+09 -5,2862E+06 -4,5601E+07
0000833   3,5501E+09  2,9917E+07 -2,4799E+07
0000834   3,5501E+09 -4,1487E+06 -1,2528E+07
0000835   3,5501E+09 -3,5051E+07  1,2861E+07
0000836   3,5501E+09  1,0705E+07 -1,2433E+07
0000837   3,5501E+09  1,0996E+07  1,3512E+07
0000838   3,5501E+09  1,4943E+07 -6,8691E+06
0000839   3,5501E+09  2,1498E+07 -4,4145E+07
0000840   3,5501E+09 -1,4107E+07  7,8509E+06
0000841   3,5501E+09  3,7514E+07 -7,3650E+06
0000842   3,5501E+09 -3,1742E+07  2,0491E+07
0000843   3,5501E+09  3,1773E+07 -2,4995E+07
0000844   3,5501E+09  2,5038E+07  1,2330E+07
0000845   3,5501E+09  1,1374E+07 -1,6065E+07
0000846   3,5501E+09  5,7933E+06 -2,5430E+05
0000847   3,5501E+09 -2,1593E+06 -2,7505E+07
0000848   3,5501E+09 -1,8471E+07 -2,0524E+07
0000849   3,5501E+09 -2,7187E+07 -3,4500E+07
0000850   3,5501E+09  3,9842E+07  6,2720E+07
0000851   3,5501E+09 -2,9026E+07  3,8226E+06
0000852   3,5501E+09 -2,9629E+05  1,5371E+06
0000853   3,5501E+09  3,3219E+07 -6,8246E+07
0000854   3,5501E+09  4,4785E+06 -1,4047E+07
0000855   3,5501E+09 -1,6204E+08 -4,9141E+07
0000856   3,5501E+09  1,6172E+07  1,4548E+07
0000857   3,5501E+09  5,7442E+07  3,3283E+07
0000858   3,5501E+09 -9,2198E+06  2,3472E+07
0000859   3,5501E+09 -7,6038E+07  8,9023E+06
0000860   3,5501E+09  4,3764E+07  2,8862E+07
0000861   3,5501E+09  5,3156E+07  2,6687E+06
0000862   3,5501E+09  1,7547E+07  8,9118E+06
0000863   3,5501E+09 -2,8826E+06 -1,1207E+07
0000864   3,5501E+09 -4,5213E+06  7,2312E+06
0000865   3,5501E+09 -2,3997E+07 -4,2270E+07
0000866   3,5501E+09 -1,6925E+07  2,2189E+07
0000867   3,5501E+09 -3,8193E+07 -3,5164E+06
0000868   3,5501E+09 -3,1750E+06  9,8902E+06
0000869   3,5501E+09  4,7228E+05 -1,1309E+07
0000870   3,5501E+09 -2,1000E+07  1,1035E+07
0000871   3,5501E+09  4,7205E+07 -3,0150E+06
0000872   3,5501E+09 -1,6884E+07  6,5166E+06
0000873   3,5501E+09  4,6235E+07  1,2145E+07
0000874   3,5501E+09  1,8471E+07  2,7643E+07
0000875   3,5501E+09  3,0608E+07 -1,3781E+07
0000876   3,5501E+09 -3,7670E+06 -1,3618E+07
0000877   3,5501E+09  1,7113E+07  2,4942E+06
0000878   3,5501E+09 -1,5553E+07 -2,0789E+07
0000879   3,5501E+09 -8,7528E+06 -6,4267E+06
0000880   3,5501E+09 -4,3481E+07 -3,1783E+07
0000881   3,5501E+09  3,2572E+07  4,7005E+06
0000882   3,5501E+09  2,3363E+07 -2,3883E+07
0000883   3,5501E+09 -3,7217E+07  4,6268E+07
0000884   3,5501E+09 -3,6716E+06  1,0888E+07
0000885   3,5501E+09 -1,0730E+07  4,0035E+06
0000886   3,5501E+09  3,1317E+07  9,7143E+06
0000887   3,5501E+09  1,8556E+07  1,2512E+07
0000888   3,5501E+09 -3,3220E+07  2,0305E+07
0000889   3,5501E+09 -1,6432E+06  1,9563E+06
0000890   3,5501E+09 -9,4671E+06 -4,2312E+07
0000891   3,5501E+09  2,4706E+07 -1,4819E+07
0000892   3,5501E+09  5,2063E+05  1,5955E+07
0000893   3,5501E+09 -2,8282E+06 -2,1623E+07
0000894   3,5501E+09 -1,5796E+07  2,2211E+07
0000895   3,5501E+09  1,9716E+07 -8,2204E+06
0000896   3,5501E+09  5,6894E+07  4,6246E+07
0000897   3,5501E+09 -2,6838E+05 -2,8829E+07
0000898   3,5501E+09  3,4283E+07 -9,2862E+05
0000899   3,5501E+09 -1,9427E+07 -1,0073E+07
0000900   3,5501E+09  4,2292E+06 -2,0825E+06
0000901   3,5501E+09  5,6057E+06  4,7102E+06
0000902   3,5501E+09 -2,2028E+07 -8,0274E+05
0000903   3,5501E+09  8,4899E+07 -5,1385E+07
0000904   3,5501E+09 -7,7473E+07  1,3755E+07
0000905   3,5501E+09  3,5965E+06  4,5472E+06
0000906   3,5501E+09  2,0435E+07  1,0966E+06
0000907   3,5501E+09 -6,1418E+07  1,1415E+07
0000908   3,5501E+09 -1,9309E+07 -8,8590E+06
0000909   3,5501E+09 -3,4453E+06 -3,6476E+06
0000910   3,5501E+09 -1,1655E+07  1,8976E+07
0000911   3,5501E+09 -6,4460E+07 -4,8854E+07
0000912   3,5501E+09  2,3475E+07  1,8192E+07
0000913   3,5501E+09  8,7121E+06 -1,3378E+05
0000914   3,5501E+09 -6,4042E+06  2,3407E+07
0000915   3,5501E+09 -1,5896E+06 -2,7499E+07
0000916   3,5501E+09 -3,7181E+07  2,2686E+07
0000917   3,5501E+09 -1,8859E+07 -1,1516E+07
0000918   3,5501E+09 -1,3961E+07 -1,8887E+06
0000919   3,5501E+09  9,3314E+06  1,3871E+07
0000920   3,5501E+09  4,8037E+07  3,4137E+07
0000921   3,5501E+09 -3,1287E+07 -5,6304E+07
0000922   3,5501E+09  7,1190E+06  5,6060E+07
0000923   3,5501E+09  2,6081E+07 -1,3416E+07
0000924   3,5501E+09  2,6671E+07  4,0490E+06
0000925   3,5501E+09 -1,2347E+07 -4,7929E+05
0000926   3,5501E+09 -1,0030E+07  1,5780E+07
0000927   3,5501E+09  1,6608E+07  5,4489E+06
0000928   3,5501E+09  2,0865E+07  9,7648E+06
0000929   3,5501E+09  4,0361E+07 -1,0291E+07
0000930   3,5501E+09 -2,2650E+07  2,3612E+07
0000931   3,5501E+09  1,4316E+07 -2,2838E+07
0000932   3,5501E+09 -4,0138E+06 -1,4767E+06
0000933   3,5501E+09 -1,1818E+07 -5,6944E+06
0000934   3,5501E+09  2,0445E+07  9,8025E+06
0000935   3,5501E+09  5,0970E+06  1,6887E+07
0000936   3,5501E+09 -5,1452E+07  2,0648E+06
0000937   3,5501E+09 -1,4973E+07  1,0561E+07
0000938   3,5501E+09  9,8596E+05 -8,2302E+06
0000939   3,5501E+09 -2,4920E+06 -2,0205E+06
0000940   3,5501E+09 -2,3188E+06 -2,3649E+07
0000941   3,5501E+09 -2,1728E+07  2,0240E+07
0000942   3,5501E+09 -2,0880E+07  3,8696E+07
0000943   3,5501E+09 -1,0451E+07  1,4582E+07
0000944   3,5501E+09 -2,1379E+06  3,2716E+07
0000945   3,5501E+09 -2,2177E+07 -1,7717E+06
0000946   3,5501E+09  6,6361E+06 -1,4469E+07
0000947   3,5501E+09  1,7573E+07 -8,4002E+06
0000948   3,5501E+09 -1,5572E+07  1,3818E+07
0000949   3,5501E+09 -1,2402E+07 -1,4984E+07
0000950   3,5501E+09  2,9539E+06 -3,0170E+06
0000951   3,5501E+09 -6,9221E+06 -8,2906E+06
0000952   3,5501E+09 -1,0755E+07  9,2828E+06
0000953   3,5501E+09 -6,1441E+06 -3,0155E+07
0000954   3,5501E+09 -1,2663E+07  5,9285E+07
0000955   3,5501E+09  1,1379E+07  5,9624E+06
0000956   3,5501E+09  3,3054E+07  2,0543E+07
0000957   3,5501E+09 -2,9955E+07  3,1676E+07
0000958   3,5501E+09  4,9792E+06  1,6505E+07
0000959   3,5501E+09 -1,2348E+07 -2,2532E+07
0000960   3,5501E+09 -4,5940E+06  1,0427E+07
0000961   3,5501E+09 -1,5968E+07  1,5942E+06
0000962   3,5501E+09  1,4802E+07 -1,8175E+07
0000963   3,5501E+09  1,6061E+06  8,3386E+06
0000964   3,5501E+09 -1,8931E+07  4,0757E+07
0000965   3,5501E+09  5,1727E+06  3,1761E+07
0000966   3,5501E+09 -1,2718E+07 -1,1555E+07
0000967   3,5501E+09 -4,6442E+06  2,8971E+07
0000968   3,5501E+09  5,3148E+07 -3,6867E+07
0000969   3,5501E+09 -3,7533E+07  4,2453E+07
0000970   3,5501E+09 -2,5038E+07  1,0208E+07
0000971   3,5501E+09 -2,2657E+07  2,8288E+07
0000972   3,5501E+09  7,0891E+06 -8,6055E+06
0000973   3,5501E+09 -1,4928E+07 -8,2778E+06
0000974   3,5501E+09 -9,7984E+06 -2,8904E+07
0000975   3,5501E+09  6,3912E+06  7,6325E+06
0000976   3,5501E+09  1,3324E+07  2,0125E+07
0000977   3,5501E+09  4,6192E+07 -9,9353E+05
0000978   3,5501E+09  1,1339E+07 -6,4203E+06
0000979   3,5501E+09 -2,0596E+06 -1,9973E+06
0000980   3,5501E+09  9,0587E+06  9,4434E+05
0000981   3,5501E+09  8,7711E+06 -5,1814E+07
0000982   3,5501E+09 -6,0757E+06  3,5273E+07
0000983   3,5501E+09 -2,4138E+07  9,3338E+06
0000984   3,5501E+09 -3,7162E+06  8,8741E+06
0000985   3,5501E+09 -1,6799E+06 -1,6725E+07
0000986   3,5501E+09  2,4902E+07  5,9721E+06
0000987   3,5501E+09 -7,0981E+06 -1,5904E+07
0000988   3,5501E+09  4,1512E+06 -1,8201E+07
0000989   3,5501E+09  2,3349E+07 -5,7435E+07
0000990   3,5501E+09 -4,2275E+07 -5,0401E+06
0000991   3,5501E+09 -2,2259E+07  2,8086E+07
0000992   3,5501E+09 -1,6600E+07  4,1720E+07
0000993   3,5501E+09  4,9134E+07 -5,6110E+07
0000994   3,5501E+09 -1,7582E+07 -1,1825E+07
0000995   3,5501E+09 -4,3182E+07 -3,4673E+07
0000996   3,5501E+09  2,3225E+07 -4,9979E+06
0000997   3,5501E+09 -3,9333E+07  6,6140E+07
0000998   3,5501E+09  1,8793E+07 -3,5815E+07
0000999   3,5501E+09 -4,7530E+05  1,0108E+07
0001000   3,5501E+09  7,1908E+06  2,9923E+07
0001001   3,5501E+09  9,5167E+06  6,4734E+06
0001002   3,5501E+09  9,5885E+06 -4,0898E+06
0001003   3,5501E+09  2,3788E+07 -2,4390E+07
0001004   3,5501E+09  2,3674E+07 -1,4390E+07
0001005   3,5501E+09 -2,7422E+07  2,3014E+07
0001006   3,5501E+09 -2,2054E+07  4,7281E+06
0001007   3,5501E+09  3,7306E+07 -2,4842E+07
0001008   3,5501E+09  2,4973E+06 -9,6408E+06
0001009   3,5501E+09 -7,3057E+06 -1,6480E+07
0001010   3,5501E+09  2,6552E+06 -1,0327E+07
0001011   3,5501E+09 -3,8912E+06  1,1771E+07
0001012   3,5501E+09 -1,9974E+07  5,4261E+07
0001013   3,5501E+09 -1,8441E+06  5,1017E+06
0001014   3,5501E+09 -5,7213E+06 -1,9279E+07
0001015   3,5501E+09  1,2213E+07  6,1148E+07
0001016   3,5501E+09  4,2675E+07  8,9172E+06
0001017   3,5501E+09 -2,1333E+06 -1,6831E+07
0001018   3,5501E+09  2,8642E+06 -5,9860E+06
0001019   3,5501E+09 -4,5249E+07  1,3402E+07
0001020   3,5501E+09  2,6298E+07 -1,3763E+07
0001021   3,5501E+09  2,8529E+07 -4,7356E+07
0001022   3,5501E+09 -8,7981E+06 -2,2974E+06
0001023   3,5501E+09 -8,7724E+06  5,9521E+06
0001024   3,5501E+09 -3,5786E+07  2,7035E+07
0001025   3,5501E+09  2,9959E+07 -5,5098E+06
0001026   3,5501E+09  1,9769E+07 -2,0065E+07
0001027   3,5501E+09  1,9595E+07 -1,1232E+06
0001028   3,5501E+09  2,3257E+07 -3,9156E+06
0001029   3,5501E+09  2,9701E+07 -2,4890E+07
0001030   3,5501E+09  1,7099E+07  6,1420E+07
0001031   3,5501E+09  4,0001E+06 -1,7136E+07
0001032   3,5501E+09 -3,0513E+07  6,4894E+06
0001033   3,5501E+09  1,1912E+07  2,5759E+06
0001034   3,5501E+09 -5,5029E+06  7,5876E+06
0001035   3,5501E+09 -1,2729E+07 -2,2084E+07
0001036   3,5501E+09 -1,2697E+07 -1,7015E+06
0001037   3,5501E+09  3,4575E+07  1,8722E+07
0001038   3,5501E+09  2,4371E+07 -1,1053E+07
0001039   3,5501E+09  5,5410E+06  1,4339E+06
0001040   3,5501E+09 -4,4981E+05  7,7008E+06
0001041   3,5501E+09  4,4735E+06  4,3038E+07
0001042   3,5501E+09  3,5635E+07 -1,0136E+07
0001043   3,5501E+09 -3,6982E+06  4,0232E+07
0001044   3,5501E+09  8,6199E+06 -5,8834E+05
0001045   3,5501E+09 -4,2711E+07 -4,1267E+06
0001046   3,5501E+09 -1,5058E+08  3,1391E+08
0001047   3,5501E+09 -1,9314E+07  2,4384E+06
0001048   3,5501E+09  1,7723E+07  2,6343E+06
0001049   3,5501E+09  1,1420E+07  9,1027E+06
0001050   3,5501E+09  1,1249E+07  1,4722E+06
0001051   3,5501E+09 -2,4401E+07 -1,1400E+07
0001052   3,5501E+09 -3,7392E+07 -1,5660E+07
0001053   3,5501E+09 -2,8626E+07  1,9849E+07
0001054   3,5501E+09  4,3760E+07 -1,6220E+07
0001055   3,5501E+09 -3,6758E+07  2,6708E+06
0001056   3,5501E+09  1,3307E+07 -2,1856E+07
0001057   3,5501E+09  2,0466E+07  2,3544E+07
0001058   3,5501E+09 -9,7655E+06 -1,8023E+07
0001059   3,5501E+09 -2,5033E+07 -1,8943E+07
0001060   3,5501E+09 -1,7379E+06  1,2656E+05
0001061   3,5501E+09 -2,7738E+07  7,0383E+07
0001062   3,5501E+09 -2,4730E+07  1,7674E+07
0001063   3,5501E+09  7,5948E+06 -2,3504E+07
0001064   3,5501E+09 -3,2580E+06 -6,0522E+06
0001065   3,5501E+09  2,1447E+06 -8,6069E+06
0001066   3,5501E+09 -2,5191E+07 -6,3123E+06
0001067   3,5501E+09 -2,6052E+07  6,6016E+07
0001068   3,5501E+09  7,6422E+07 -4,7311E+07
0001069   3,5501E+09 -1,9220E+07 -1,7097E+07
0001070   3,5501E+09 -1,4080E+06 -2,9134E+06
0001071   3,5501E+09 -3,1389E+07 -1,7511E+07
0001072   3,5501E+09 -1,7891E+07  1,1791E+07
0001073   3,5501E+09 -2,3939E+06 -1,6579E+07
0001074   3,5501E+09 -2,7664E+07  1,8262E+07
0001075   3,5501E+09  2,8270E+07 -3,8274E+07
0001076   3,5501E+09 -1,3181E+07 -1,1810E+06
0001077   3,5501E+09 -6,5207E+06 -9,1894E+06
0001078   3,5501E+09  6,6458E+06  2,5500E+06
0001079   3,5501E+09  2,7516E+07 -6,0359E+07
0001080   3,5501E+09 -1,4869E+07  1,5103E+07
0001081   3,5501E+09 -3,2370E+07  5,1644E+05
0001082   3,5501E+09  1,3297E+07 -1,2273E+07
0001083   3,5501E+09 -7,8816E+06 -1,2505E+07
0001084   3,5501E+09  1,1116E+07  1,0298E+07
0001085   3,5501E+09  1,2903E+07  2,0856E+07
0001086   3,5501E+09  7,9012E+06 -6,2733E+06
0001087   3,5501E+09  3,2510E+07 -2,6592E+07
0001088   3,5501E+09 -1,8823E+07 -2,9763E+06
0001089   3,5501E+09  1,4344E+06 -3,5949E+07
0001090   3,5501E+09 -2,4251E+07  5,0975E+06
0001091   3,5501E+09  3,2247E+07 -4,3791E+07
0001092   3,5501E+09  2,0974E+05 -2,1193E+07
0001093   3,5501E+09  3,2043E+07 -2,6735E+07
0001094   3,5501E+09 -2,0876E+07  1,1998E+07
0001095   3,5501E+09  3,7027E+06  3,0864E+07
0001096   3,5501E+09  4,6181E+07 -6,6744E+06
0001097   3,5501E+09  1,3821E+07 -1,3345E+08
0001098   3,5501E+09 -2,0778E+07 -4,0885E+07
0001099   3,5501E+09 -4,6433E+07 -9,4076E+07
0001100   3,5501E+09 -2,5526E+07 -4,7638E+06
0001101   3,5501E+09  1,2925E+07  2,2482E+07
0001102   3,5501E+09  6,4423E+06  3,5718E+07
0001103   3,5501E+09  4,8581E+06  2,9823E+07
0001104   3,5501E+09 -2,8569E+07 -3,2892E+07
0001105   3,5501E+09  5,4114E+07 -1,0535E+07
0001106   3,5501E+09  5,6439E+07  1,7004E+06
0001107   3,5501E+09 -3,9529E+07  6,8942E+06
0001108   3,5501E+09  1,5478E+07 -7,3569E+06
0001109   3,5501E+09  7,7441E+06  1,8343E+07
0001110   3,5501E+09  1,5356E+07 -6,6428E+06
0001111   3,5501E+09  4,0484E+07  3,1150E+07
0001112   3,5501E+09 -8,8932E+06 -2,8900E+07
0001113   3,5501E+09 -1,1987E+07  3,2523E+06
0001114   3,5501E+09  5,6650E+07  8,0999E+06
0001115   3,5501E+09  4,8853E+07 -1,9444E+07
0001116   3,5501E+09 -3,0343E+07  1,5181E+07
0001117   3,5501E+09  2,5975E+07 -2,1752E+06
0001118   3,5501E+09 -9,1183E+06 -2,0963E+07
0001119   3,5501E+09  1,9472E+06  1,8104E+06
0001120   3,5501E+09 -9,8178E+06 -1,5419E+07
0001121   3,5501E+09  9,7076E+06  1,6425E+07
0001122   3,5501E+09 -8,9843E+05  2,5216E+07
0001123   3,5501E+09  2,3504E+07 -3,5035E+07
0001124   3,5501E+09  1,5053E+07 -2,1977E+07
0001125   3,5501E+09 -1,1867E+07 -1,4468E+07
0001126   3,5501E+09  1,7526E+07 -2,8650E+07
0001127   3,5501E+09 -4,7716E+07 -6,6554E+06
0001128   3,5501E+09  1,4057E+07  2,7362E+07
0001129   3,5501E+09  6,0385E+06 -3,0432E+07
0001130   3,5501E+09  2,5902E+06  2,9394E+07
0001131   3,5501E+09 -7,7594E+06 -3,7426E+05
0001132   3,5501E+09  4,7774E+06  8,1826E+06
0001133   3,5501E+09 -1,6245E+07  3,1060E+07
0001134   3,5501E+09  2,1368E+07 -1,2221E+07
0001135   3,5501E+09  5,2477E+07 -1,8391E+06
0001136   3,5501E+09 -2,5115E+06 -3,7822E+07
0001137   3,5501E+09 -3,1842E+07 -1,0705E+06
0001138   3,5501E+09  4,1983E+07  1,5189E+07
0001139   3,5501E+09  4,4497E+06 -1,7341E+07
0001140   3,5501E+09  2,0052E+07 -2,0619E+06
0001141   3,5501E+09 -1,7429E+06 -3,0960E+07
0001142   3,5501E+09  1,3791E+06  4,5542E+06
0001143   3,5501E+09 -4,4818E+06  3,3547E+07
0001144   3,5501E+09  1,4325E+07 -3,9315E+07
0001145   3,5501E+09  3,5208E+07 -3,3430E+07
0001146   3,5501E+09 -3,2553E+07 -3,2521E+07
0001147   3,5501E+09 -1,4913E+06 -3,3341E+07
0001148   3,5501E+09  7,9312E+06 -2,5498E+07
0001149   3,5501E+09 -2,0309E+07 -1,5139E+07
0001150   3,5501E+09  7,4084E+06  6,4494E+05
0001151   3,5501E+09 -5,2035E+07 -1,2002E+07
0001152   3,5501E+09  4,6344E+06  9,8415E+06
0001153   3,5501E+09 -4,0693E+06 -2,4748E+07
0001154   3,5501E+09 -1,2861E+07  3,2134E+07
0001155   3,5501E+09 -2,9317E+07 -2,2939E+06
0001156   3,5501E+09 -1,3709E+07  2,4093E+07
0001157   3,5501E+09 -2,4307E+07  4,6168E+07
0001158   3,5501E+09 -1,8676E+07  4,3311E+07
0001159   3,5501E+09 -4,2315E+07 -2,2842E+06
0001160   3,5501E+09  2,2586E+07 -5,8445E+07
0001161   3,5501E+09  1,1395E+07 -3,0202E+06
0001162   3,5501E+09 -3,0712E+07 -2,3142E+07
0001163   3,5501E+09  6,4043E+06  2,1744E+07
0001164   3,5501E+09  8,4159E+06  2,7893E+07
0001165   3,5501E+09 -6,0215E+07 -1,5984E+07
0001166   3,5501E+09  8,2875E+06  2,6925E+07
0001167   3,5501E+09  2,3381E+07  1,9135E+07
0001168   3,5501E+09  1,2670E+07  8,0445E+06
0001169   3,5501E+09  6,8804E+06  1,1318E+07
0001170   3,5501E+09  9,1252E+06 -3,2539E+07
0001171   3,5501E+09 -1,9837E+07  1,0870E+07
0001172   3,5501E+09 -1,4988E+07  3,1213E+07
0001173   3,5501E+09  1,7354E+07 -7,8741E+06
0001174   3,5501E+09  1,7147E+07  6,7550E+06
0001175   3,5501E+09  8,6371E+06  3,0933E+07
0001176   3,5501E+09  2,7141E+07 -3,5292E+07
0001177   3,5501E+09 -6,3164E+07 -6,0499E+07
0001178   3,5501E+09 -8,3365E+06  1,0176E+06
0001179   3,5501E+09  7,1360E+07 -1,6942E+07
0001180   3,5501E+09 -2,1424E+07 -1,9931E+07
0001181   3,5501E+09 -2,5680E+07  3,4890E+07
0001182   3,5501E+09 -1,3169E+07 -2,8832E+07
0001183   3,5501E+09  2,3375E+07 -2,2060E+06
0001184   3,5501E+09 -3,0027E+07 -2,4285E+07
0001185   3,5501E+09  1,8060E+07 -9,8447E+06
0001186   3,5501E+09  2,9933E+06 -2,6909E+07
0001187   3,5501E+09 -1,2988E+07  1,1720E+07
0001188   3,5501E+09 -1,8337E+07 -1,7570E+07
0001189   3,5501E+09  3,2028E+05 -8,8972E+07
0001190   3,5501E+09 -4,7670E+06  3,9469E+07
0001191   3,5501E+09 -9,6400E+06 -6,8851E+06
0001192   3,5501E+09  1,8882E+07  2,2978E+07
0001193   3,5501E+09  7,0174E+06  6,6703E+06
0001194   3,5501E+09  1,4134E+07  4,2386E+06
0001195   3,5501E+09 -2,3389E+07 -3,7589E+07
0001196   3,5501E+09  7,1546E+06  3,1252E+07
0001197   3,5501E+09 -1,1379E+07 -2,7174E+07
0001198   3,5501E+09 -3,1677E+07  6,3308E+06
0001199   3,5501E+09  9,9630E+06 -9,2541E+05
0001200   3,5501E+09 -6,2256E+06  3,8890E+07
0001201   3,5501E+09 -1,3938E+07  1,3401E+07
0001202   3,5501E+09 -1,9279E+07  3,8575E+06
0001203   3,5501E+09  4,6068E+07  1,4584E+06
0001204   3,5501E+09 -3,8013E+07 -3,6265E+07
0001205   3,5501E+09 -4,5104E+06 -1,4165E+04
0001206   3,5501E+09  2,8887E+07  4,1079E+07
0001207   3,5501E+09  1,5032E+07  1,8433E+07
0001208   3,5501E+09  4,0104E+07  9,5165E+06
0001209   3,5501E+09  2,0786E+07  1,1228E+07
0001210   3,5501E+09 -2,0225E+07 -9,7252E+05
0001211   3,5501E+09 -2,8531E+07 -2,7773E+07
0001212   3,5501E+09 -5,1129E+07 -9,6036E+07
0001213   3,5501E+09 -6,5094E+07  7,4201E+07
0001214   3,5501E+09 -2,3989E+07  2,0727E+07
0001215   3,5501E+09 -1,4109E+07  3,5588E+07
0001216   3,5501E+09  1,4075E+07 -3,6699E+06
0001217   3,5501E+09 -3,9077E+06  2,7325E+07
0001218   3,5501E+09  3,1917E+06 -1,7558E+06
0001219   3,5501E+09 -1,0839E+07  4,6282E+07
0001220   3,5501E+09 -9,9904E+06 -1,5093E+07
0001221   3,5501E+09  7,6214E+06  2,5961E+07
0001222   3,5501E+09  1,7156E+07  8,0896E+06
0001223   3,5501E+09 -8,8248E+07 -4,5815E+07
0001224   3,5501E+09  1,9026E+07 -4,4192E+07
0001225   3,5501E+09  1,5121E+07 -1,0051E+06
0001226   3,5501E+09 -2,0030E+07 -1,1541E+07
0001227   3,5501E+09  1,3424E+08 -2,5227E+07
0001228   3,5501E+09 -4,4981E+06  9,5868E+06
0001229   3,5501E+09 -4,6255E+06  5,0453E+06
0001230   3,5501E+09  3,0998E+06  1,4929E+07
0001231   3,5501E+09  8,1044E+07  3,9159E+07
0001232   3,5501E+09  2,7218E+07 -1,7740E+07
0001233   3,5501E+09  3,7077E+07 -2,8452E+07
0001234   3,5501E+09 -1,4735E+07  1,7986E+07
0001235   3,5501E+09  3,5880E+07  3,7154E+06
0001236   3,5501E+09 -2,2646E+07  5,1694E+06
0001237   3,5501E+09  1,5464E+07 -1,9769E+07
0001238   3,5501E+09 -3,3790E+07  1,2787E+07
0001239   3,5501E+09 -3,3284E+07  1,1216E+06
0001240   3,5501E+09  3,1140E+07 -1,8660E+07
0001241   3,5501E+09  9,4316E+06 -5,8485E+07
0001242   3,5501E+09  6,9280E+07  1,2591E+07
0001243   3,5501E+09  3,7651E+07  9,9918E+06
0001244   3,5501E+09  1,0505E+07  1,0863E+06
0001245   3,5501E+09  2,4997E+07 -3,0741E+07
0001246   3,5501E+09  6,9126E+05 -1,9157E+07
0001247   3,5501E+09  1,1992E+07  3,2077E+07
0001248   3,5501E+09 -2,3057E+07  3,2890E+07
0001249   3,5501E+09  1,8743E+07 -3,1008E+07
0001250   3,5501E+09 -1,8673E+07  9,8367E+05
0001251   3,5501E+09 -6,9141E+06 -1,9384E+06
0001252   3,5501E+09  1,2554E+07 -1,0006E+07
0001253   3,5501E+09 -5,4796E+06 -3,6755E+06
0001254   3,5501E+09 -1,8643E+07  4,5237E+05
0001255   3,5501E+09  1,8151E+07  1,0803E+07
0001256   3,5501E+09 -2,9547E+07 -2,5234E+07
0001257   3,5501E+09  2,8350E+05 -2,3506E+07
0001258   3,5501E+09 -9,4071E+06 -3,0588E+06
0001259   3,5501E+09  2,6134E+07 -8,0191E+06
0001260   3,5501E+09  1,9991E+06 -1,0751E+08
0001261   3,5501E+09  2,0879E+06  2,0105E+07
0001262   3,5501E+09  1,1197E+07  6,7032E+06
0001263   3,5501E+09 -6,0258E+06  3,3207E+07
0001264   3,5501E+09 -4,2915E+07 -1,7779E+07
0001265   3,5501E+09  2,5299E+07 -1,6433E+07
0001266   3,5501E+09  1,8821E+07 -2,1129E+07
0001267   3,5501E+09  1,6020E+07 -2,2245E+07
0001268   3,5501E+09 -1,1929E+07  7,5211E+06
0001269   3,5501E+09 -2,2068E+07 -2,8436E+07
0001270   3,5501E+09  8,9534E+06 -5,8652E+07
0001271   3,5501E+09  6,2553E+06  1,8174E+07
0001272   3,5501E+09 -1,8903E+07  5,5016E+06
0001273   3,5501E+09  2,6305E+07  1,7075E+07
0001274   3,5501E+09 -2,4343E+06  5,1158E+06
0001275   3,5501E+09 -7,3470E+07 -2,4848E+06
0001276   3,5501E+09  1,0064E+07 -2,8877E+06
0001277   3,5501E+09 -4,5424E+07  1,4767E+07
0001278   3,5501E+09  1,4628E+05  1,0448E+07
0001279   3,5501E+09  1,9439E+07  9,7153E+06
0001280   3,5501E+09 -1,7651E+07 -5,4741E+06
0001281   3,5501E+09  4,2714E+06 -7,7113E+06
0001282   3,5501E+09  4,3431E+06  1,3157E+07
0001283   3,5501E+09  2,9075E+07  2,2305E+07
0001284   3,5501E+09 -1,6834E+07 -4,6899E+07
0001285   3,5501E+09 -2,2036E+07  6,5055E+06
0001286   3,5501E+09 -5,9693E+07  5,6513E+07
0001287   3,5501E+09  3,2942E+06 -1,3389E+07
0001288   3,5501E+09 -1,3573E+07  2,3523E+07
0001289   3,5501E+09  4,4541E+06 -2,1531E+07
0001290   3,5501E+09 -4,9260E+07  3,9453E+07
0001291   3,5501E+09  2,1326E+07 -2,4805E+07
0001292   3,5501E+09  2,9424E+07  2,6679E+07
0001293   3,5501E+09 -8,5116E+06  1,4425E+07
0001294   3,5501E+09  6,8904E+06 -3,0553E+07
0001295   3,5501E+09  1,1510E+07 -3,6619E+07
0001296   3,5501E+09 -1,1733E+07 -1,5052E+07
0001297   3,5501E+09  2,6062E+07 -4,5735E+07
0001298   3,5501E+09  2,4055E+07 -7,5230E+06
0001299   3,5501E+09 -1,4156E+07  3,6756E+06
0001300   3,5501E+09  4,9211E+07 -1,2594E+07
0001301   3,5501E+09 -2,2769E+07 -7,6054E+06
0001302   3,5501E+09 -2,6101E+06  1,0388E+06
0001303   3,5501E+09 -2,8245E+07 -3,7183E+07
0001304   3,5501E+09  2,1062E+07 -6,0715E+07
0001305   3,5501E+09 -2,5669E+07  1,0847E+07
0001306   3,5501E+09  2,0770E+07  8,9321E+06
0001307   3,5501E+09 -1,3634E+07  7,0977E+06
0001308   3,5501E+09 -5,4124E+06  1,5500E+07
0001309   3,5501E+09  1,3351E+07  8,6453E+06
0001310   3,5501E+09  8,3970E+06  2,6759E+04
0001311   3,5501E+09  3,2814E+06 -6,8989E+07
0001312   3,5501E+09  3,4762E+05  1,0567E+07
0001313   3,5501E+09 -1,2660E+07 -2,0837E+07
0001314   3,5501E+09 -5,3590E+05 -3,0554E+07
0001315   3,5501E+09  1,9027E+08 -4,0467E+07
0001316   3,5501E+09  7,5549E+06  3,0936E+07
0001317   3,5501E+09  1,8227E+07  3,1949E+06
0001318   3,5501E+09  4,0522E+06  1,5730E+07
0001319   3,5501E+09  1,7373E+07 -5,4036E+06
0001320   3,5501E+09 -8,5257E+06 -1,7694E+07
0001321   3,5501E+09  3,3393E+07  4,2953E+06
0001322   3,5501E+09 -1,0489E+06 -1,8682E+07
0001323   3,5501E+09 -2,9261E+06  1,7150E+07
0001324   3,5501E+09  2,2261E+07 -5,0719E+06
0001325   3,5501E+09 -9,9821E+06 -3,1422E+07
0001326   3,5501E+09  3,9247E+07 -1,2406E+07
0001327   3,5501E+09  7,2478E+06 -1,4939E+07
0001328   3,5501E+09  1,0306E+07 -1,2170E+07
0001329   3,5501E+09  1,9965E+07 -1,8080E+07
0001330   3,5501E+09 -2,6509E+07  8,9516E+06
0001331   3,5501E+09  1,6070E+07 -7,5795E+06
0001332   3,5501E+09 -2,8912E+06  2,8095E+06
0001333   3,5501E+09  1,4117E+07  1,1208E+07
0001334   3,5501E+09  1,2513E+07 -5,7085E+07
0001335   3,5501E+09 -9,8361E+06 -1,0344E+07
0001336   3,5501E+09 -2,0400E+07  3,0975E+07
0001337   3,5501E+09  1,6783E+07 -1,2319E+06
0001338   3,5501E+09 -4,1122E+06  3,0386E+07
0001339   3,5501E+09 -1,0815E+07  1,7653E+07
0001340   3,5501E+09  1,4542E+07  5,0570E+07
0001341   3,5501E+09 -2,4425E+07  3,0062E+07
0001342   3,5501E+09 -2,0284E+05 -1,5607E+07
0001343   3,5501E+09 -2,2756E+06 -1,3742E+06
0001344   3,5501E+09 -2,0960E+07  3,1466E+07
0001345   3,5501E+09 -3,5117E+06  2,4869E+07
0001346   3,5501E+09 -6,4525E+07  3,7085E+06
0001347   3,5501E+09  2,8904E+07  9,1908E+06
0001348   3,5501E+09  9,0826E+06  2,0406E+07
0001349   3,5501E+09  1,5705E+07  5,3095E+07
0001350   3,5501E+09 -1,6901E+06 -2,2757E+07
0001351   3,5501E+09  4,6257E+06  1,7427E+07
0001352   3,5501E+09 -3,1211E+07 -5,8346E+06
0001353   3,5501E+09 -1,7357E+07  1,3952E+07
0001354   3,5501E+09  1,7087E+07 -2,2689E+07
0001355   3,5501E+09  1,3632E+07  5,8010E+07
0001356   3,5501E+09  2,3521E+07  9,6407E+05
0001357   3,5501E+09  1,1379E+07  7,3471E+06
0001358   3,5501E+09 -1,0823E+07 -7,7746E+06
0001359   3,5501E+09  2,7705E+07  1,2068E+07
0001360   3,5501E+09  1,9985E+07  4,6919E+06
0001361   3,5501E+09  3,8478E+07 -3,3995E+07
0001362   3,5501E+09  1,2503E+07 -1,0151E+07
0001363   3,5501E+09  4,6586E+07 -1,7170E+07
0001364   3,5501E+09  2,9580E+07 -5,1812E+06
0001365   3,5501E+09 -3,4975E+07 -1,0920E+07
0001366   3,5501E+09 -6,8829E+06 -4,5638E+07
0001367   3,5501E+09  3,1776E+07  1,5271E+07
0001368   3,5501E+09  2,4389E+07  1,3562E+07
0001369   3,5501E+09  6,1321E+07  1,4669E+06
0001370   3,5501E+09 -2,2394E+07 -1,1636E+07
0001371   3,5501E+09  1,3396E+07  4,2882E+07
0001372   3,5501E+09  1,5847E+07  2,7887E+07
0001373   3,5501E+09 -2,2821E+04 -9,8745E+06
0001374   3,5501E+09 -1,1087E+07  3,8170E+06
0001375   3,5501E+09  1,3909E+07 -1,6067E+07
0001376   3,5501E+09  4,0213E+07  3,4987E+06
0001377   3,5501E+09 -5,9523E+06 -2,4208E+05
0001378   3,5501E+09  1,5061E+07  2,1876E+06
0001379   3,5501E+09 -1,7439E+07 -1,4110E+07
0001380   3,5501E+09  2,7616E+06  2,0367E+07
0001381   3,5501E+09  3,9439E+06  5,3666E+07
0001382   3,5501E+09 -2,3429E+07  1,9111E+07
0001383   3,5501E+09 -2,4906E+07 -1,1775E+07
0001384   3,5501E+09  4,4870E+07  2,2781E+07
0001385   3,5501E+09  3,5034E+07 -1,1452E+07
0001386   3,5501E+09  2,1805E+07  5,2793E+07
0001387   3,5501E+09 -3,5599E+07  3,8259E+07
0001388   3,5501E+09 -1,9985E+07 -1,1639E+07
0001389   3,5501E+09  2,0372E+06 -4,2203E+06
0001390   3,5501E+09 -3,3355E+07  4,7999E+06
0001391   3,5501E+09 -4,6570E+07 -8,6906E+06
0001392   3,5501E+09 -5,0424E+06  7,0462E+06
0001393   3,5501E+09 -1,1993E+07  2,8210E+07
0001394   3,5501E+09  3,5439E+07 -9,3943E+05
0001395   3,5501E+09 -4,0743E+07  1,8582E+07
0001396   3,5501E+09 -3,2025E+06 -3,3868E+06
0001397   3,5501E+09 -1,2820E+07 -1,5647E+07
0001398   3,5501E+09 -2,4265E+07 -1,2396E+06
0001399   3,5501E+09 -1,0005E+07  5,7524E+07
0001400   3,5501E+09  6,5949E+06 -4,8460E+06
0001401   3,5501E+09  2,7085E+07 -7,4491E+06
0001402   3,5501E+09 -3,9686E+07 -2,2219E+07
0001403   3,5501E+09  1,0469E+07  1,5717E+07
0001404   3,5501E+09  7,2707E+07 -2,0502E+07
0001405   3,5501E+09 -2,6677E+07 -3,8584E+07
0001406   3,5501E+09  1,0605E+07 -3,9723E+06
0001407   3,5501E+09 -2,4444E+07 -7,0869E+06
0001408   3,5501E+09 -7,6980E+06  1,3680E+07
0001409   3,5501E+09  2,2707E+07 -1,0548E+07
0001410   3,5501E+09  1,0189E+08  2,3043E+07
0001411   3,5501E+09 -1,4335E+07 -1,5625E+07
0001412   3,5501E+09  4,0837E+07 -3,5396E+07
0001413   3,5501E+09  2,8783E+07 -2,7474E+07
0001414   3,5501E+09 -2,4074E+07  1,3718E+07
0001415   3,5501E+09  2,1672E+07 -3,6944E+07
0001416   3,5501E+09 -4,6278E+06 -8,6433E+06
0001417   3,5501E+09  2,9381E+07  4,4620E+06
0001418   3,5501E+09  5,6168E+07 -6,7120E+07
0001419   3,5501E+09  7,7088E+05  1,2611E+06
0001420   3,5501E+09 -3,1445E+07  2,6138E+07
0001421   3,5501E+09  2,9563E+06 -1,9810E+06
0001422   3,5501E+09  8,7742E+06  1,8652E+07
0001423   3,5501E+09  1,3314E+07 -3,2993E+07
0001424   3,5501E+09  8,7731E+06 -1,8760E+06
0001425   3,5501E+09 -1,4488E+07 -2,1396E+07
0001426   3,5501E+09  3,0611E+07  1,0653E+07
0001427   3,5501E+09  2,4791E+07 -4,2949E+07
0001428   3,5501E+09 -2,3002E+07  1,4361E+07
0001429   3,5501E+09 -2,0285E+05 -1,3660E+07
0001430   3,5501E+09  1,6289E+07  5,4999E+05
0001431   3,5501E+09 -2,7823E+07  1,6337E+07
0001432   3,5501E+09  3,7900E+07  4,5384E+07
0001433   3,5501E+09 -3,9453E+04 -6,9364E+06
0001434   3,5501E+09  1,5648E+07  1,8751E+07
0001435   3,5501E+09  1,4728E+07 -2,2894E+07
0001436   3,5501E+09 -8,7702E+06  9,7889E+06
0001437   3,5501E+09 -3,7174E+07 -7,7126E+06
0001438   3,5501E+09 -2,8145E+07 -1,1108E+06
0001439   3,5501E+09  1,4067E+07 -6,0066E+06
0001440   3,5501E+09 -1,1100E+06  9,0421E+06
0001441   3,5501E+09  5,5557E+06 -4,9294E+06
0001442   3,5501E+09  3,9513E+07  2,0737E+07
0001443   3,5501E+09  2,8955E+07 -5,0419E+07
0001444   3,5501E+09 -6,3566E+06 -4,0892E+07
0001445   3,5501E+09  2,3926E+07  1,6878E+07
0001446   3,5501E+09 -8,7794E+06  2,4791E+06
0001447   3,5501E+09 -2,6611E+07 -6,9774E+06
0001448   3,5501E+09  1,2834E+07  1,2075E+07
0001449   3,5501E+09  2,4280E+07 -3,5856E+07
0001450   3,5501E+09  2,4003E+06  1,8994E+07
0001451   3,5501E+09  1,2359E+07 -1,5309E+07
0001452   3,5501E+09 -1,2675E+07 -6,5227E+06
0001453   3,5501E+09 -2,6185E+07 -1,2081E+07
0001454   3,5501E+09 -1,5398E+06  9,2300E+06
0001455   3,5501E+09  3,4139E+07 -4,1832E+07
0001456   3,5501E+09  5,3028E+07 -6,8691E+07
0001457   3,5501E+09  2,0426E+06  2,0230E+07
0001458   3,5501E+09 -1,6710E+07 -1,3453E+07
0001459   3,5501E+09  1,3454E+07 -5,0764E+06
0001460   3,5501E+09  1,7490E+07 -1,3452E+07
0001461   3,5501E+09  3,2197E+06  9,0014E+06
0001462   3,5501E+09  1,1983E+07  1,4536E+07
0001463   3,5501E+09  2,0106E+07  2,8807E+07
0001464   3,5501E+09 -2,7701E+06 -2,0248E+07
0001465   3,5501E+09 -1,0772E+07 -4,2943E+06
0001466   3,5501E+09 -2,2924E+07 -5,3367E+07
0001467   3,5501E+09  3,7093E+07 -1,1800E+07
0001468   3,5501E+09 -4,4002E+07  3,9619E+06
0001469   3,5501E+09 -5,4070E+06  1,1514E+08
0001470   3,5501E+09  5,0573E+06  2,2648E+07
0001471   3,5501E+09 -1,6267E+07 -3,7312E+06
0001472   3,5501E+09 -2,0986E+07 -3,3345E+07
0001473   3,5501E+09  8,0869E+07 -2,1782E+07
0001474   3,5501E+09 -1,4608E+07  2,3430E+07
0001475   3,5501E+09  9,9269E+06  1,3407E+07
0001476   3,5501E+09  1,2294E+07 -8,0608E+06
0001477   3,5501E+09  1,3920E+07  2,1954E+07
0001478   3,5501E+09 -1,9505E+07  2,0184E+07
0001479   3,5501E+09  8,7711E+06  2,0533E+07
0001480   3,5501E+09 -5,8794E+06 -2,6784E+07
0001481   3,5501E+09  5,5209E+06 -1,6233E+07
0001482   3,5501E+09 -3,4454E+07 -1,4734E+07
0001483   3,5501E+09  1,5711E+07  1,3532E+07
0001484   3,5501E+09  1,8645E+07  4,5646E+07
0001485   3,5501E+09  4,8613E+06  2,9688E+07
0001486   3,5501E+09 -2,5940E+06 -9,9850E+06
0001487   3,5501E+09  1,2504E+07  7,3062E+06
0001488   3,5501E+09 -2,8863E+07 -1,6627E+07
0001489   3,5501E+09  5,1716E+07 -2,5066E+07
0001490   3,5501E+09  2,8751E+07 -1,4766E+07
0001491   3,5501E+09 -2,7638E+07 -3,1643E+07
0001492   3,5501E+09 -1,1943E+07  3,6109E+07
0001493   3,5501E+09 -3,5986E+06 -1,5350E+06
0001494   3,5501E+09  6,1567E+07 -4,5128E+06
0001495   3,5501E+09 -7,4623E+07  8,4889E+07
0001496   3,5501E+09  6,0008E+06  1,8439E+07
0001497   3,5501E+09  1,2756E+07 -1,4972E+07
0001498   3,5501E+09 -5,0589E+07  3,9827E+07
0001499   3,5501E+09 -1,6575E+07 -7,6344E+07
0001500   3,5501E+09  2,9852E+07 -3,5099E+06
0001501   3,5501E+09  2,0891E+07  2,2163E+07
0001502   3,5501E+09 -7,4700E+06  1,2377E+07
0001503   3,5501E+09  2,6573E+07 -1,8711E+07
0001504   3,5501E+09 -2,7363E+07 -4,7655E+06
0001505   3,5501E+09  2,5374E+07  3,1870E+06
0001506   3,5501E+09 -2,9096E+07  2,8803E+05
0001507   3,5501E+09  1,6919E+07 -8,9036E+06
0001508   3,5501E+09 -4,1856E+07  2,2005E+07
0001509   3,5501E+09 -2,3817E+07  1,0013E+06
0001510   3,5501E+09  1,8707E+07  1,5706E+07
0001511   3,5501E+09  1,3803E+07  1,4805E+07
0001512   3,5501E+09 -8,2140E+05  1,9193E+07
0001513   3,5501E+09  3,1239E+07  1,1577E+07
0001514   3,5501E+09  6,1670E+05  1,3780E+07
0001515   3,5501E+09  5,1929E+07  5,0595E+06
0001516   3,5501E+09 -9,8446E+06  5,2722E+06
0001517   3,5501E+09  3,4990E+07 -6,1604E+07
0001518   3,5501E+09 -7,7494E+06  2,6301E+06
0001519   3,5501E+09  2,2390E+07  6,1507E+06
0001520   3,5501E+09  2,1496E+07 -7,1017E+06
0001521   3,5501E+09 -3,0066E+07  1,1020E+06
0001522   3,5501E+09 -2,4977E+07 -1,7606E+07
0001523   3,5501E+09  1,4157E+07  4,3992E+06
0001524   3,5501E+09  2,8402E+07  3,2881E+07
0001525   3,5501E+09  6,0640E+06 -2,8749E+07
0001526   3,5501E+09 -4,2252E+06 -2,4348E+07
0001527   3,5501E+09 -5,6444E+07 -1,5330E+06
0001528   3,5501E+09  1,4343E+07 -9,3977E+06
0001529   3,5501E+09 -5,7466E+06  4,0882E+07
0001530   3,5501E+09  3,7776E+06  2,8508E+07
0001531   3,5501E+09 -2,9720E+07  7,1640E+06
0001532   3,5501E+09 -6,2640E+06 -2,7810E+06
0001533   3,5501E+09 -1,5320E+07 -1,1399E+07
0001534   3,5501E+09 -2,0757E+07 -1,6263E+07
0001535   3,5501E+09 -6,3810E+06 -6,3036E+06
0001536   3,5501E+09 -1,7157E+07  2,5489E+07
0001537   3,5501E+09 -1,2391E+07  5,5400E+06
0001538   3,5501E+09  1,1448E+07 -5,9047E+05
0001539   3,5501E+09 -2,5791E+07 -1,8121E+07
0001540   3,5501E+09 -3,4913E+07  4,0134E+07
0001541   3,5501E+09  1,1145E+07  1,4275E+07
0001542   3,5501E+09  2,4924E+07 -1,1750E+07
0001543   3,5501E+09  2,1569E+07 -2,3439E+07
0001544   3,5501E+09 -6,8850E+07  1,0408E+07
0001545   3,5501E+09  2,0714E+07 -2,3298E+07
0001546   3,5501E+09 -3,3088E+07  4,7309E+07
0001547   3,5501E+09 -4,2790E+06  2,0810E+06
0001548   3,5501E+09  7,4546E+06 -1,0443E+07
0001549   3,5501E+09  9,7555E+06  1,0823E+07
0001550   3,5501E+09 -1,3103E+07 -1,1609E+07
0001551   3,5501E+09  1,4154E+07 -3,6852E+06
0001552   3,5501E+09  1,9197E+07 -6,5143E+06
0001553   3,5501E+09  1,6117E+07 -1,8069E+07
0001554   3,5501E+09 -1,4611E+07  7,7904E+06
0001555   3,5501E+09  1,0772E+07 -3,9093E+07
0001556   3,5501E+09  4,7592E+07 -5,6450E+06
0001557   3,5501E+09  8,9828E+06  2,1476E+07
0001558   3,5501E+09 -3,2471E+06  2,4974E+06
0001559   3,5501E+09 -1,4359E+07 -4,5136E+07
0001560   3,5501E+09 -4,2935E+07 -1,4756E+07
0001561   3,5501E+09 -1,1506E+07  1,5846E+07
0001562   3,5501E+09 -2,9447E+07  4,4340E+07
0001563   3,5501E+09 -1,3403E+07 -5,4681E+07
0001564   3,5501E+09  1,6219E+07  4,4388E+07
0001565   3,5501E+09  3,6408E+07 -2,5210E+07
0001566   3,5501E+09 -2,0159E+07  2,1315E+07
0001567   3,5501E+09 -5,2809E+06  2,2826E+07
0001568   3,5501E+09  2,6692E+07  1,8780E+07
0001569   3,5501E+09 -5,3977E+06  3,3445E+06
0001570   3,5501E+09 -1,8525E+07  1,3371E+07
0001571   3,5501E+09 -1,1886E+07 -1,1420E+07
0001572   3,5501E+09  1,8872E+07 -4,7455E+07
0001573   3,5501E+09 -4,1440E+07  3,4708E+07
0001574   3,5501E+09  2,9653E+07 -3,4002E+07
0001575   3,5501E+09  4,4100E+07 -1,5583E+07
0001576   3,5501E+09 -1,5153E+07 -5,2781E+07
0001577   3,5501E+09 -1,5247E+08  4,5905E+07
0001578   3,5501E+09  4,3290E+07 -3,9432E+07
0001579   3,5501E+09 -1,1971E+07 -7,5393E+06
0001580   3,5501E+09  5,0784E+07 -2,7405E+07
0001581   3,5501E+09  2,3172E+07  4,8578E+07
0001582   3,5501E+09 -3,7478E+07  1,1377E+08
0001583   3,5501E+09  1,6558E+07 -1,1337E+06
0001584   3,5501E+09  7,3469E+06 -1,2355E+07
0001585   3,5501E+09  2,4961E+06  9,5855E+05
0001586   3,5501E+09 -2,4879E+07 -3,7301E+06
0001587   3,5501E+09  3,1502E+07 -6,4605E+05
0001588   3,5501E+09  2,6284E+07  6,9612E+06
0001589   3,5501E+09 -1,2939E+07  5,7248E+06
0001590   3,5501E+09  1,2074E+07  1,3895E+07
0001591   3,5501E+09  3,8681E+07 -2,1835E+07
0001592   3,5501E+09 -8,4108E+06  3,6422E+07
0001593   3,5501E+09  6,8908E+06 -6,5298E+06
0001594   3,5501E+09  2,7738E+07  7,0368E+07
0001595   3,5501E+09 -9,5380E+06  2,4471E+07
0001596   3,5501E+09  2,2883E+07  1,1939E+07
0001597   3,5501E+09  3,6236E+07  3,0114E+06
0001598   3,5501E+09  1,2733E+06  9,5839E+06
0001599   3,5501E+09 -1,2076E+07  1,7046E+07