============================== SRIM-2013.00 ==============================
==============================================================================
====== SRIM Outputs\RANGE_3D.txt : File of Final Ion Positions =====

Ion = Sr (38)   Ion Mass= 087,9100
Energy  = 3000000,E-01 keV
Ion Angle to Surface = 00,0 degrees
==================== TARGET =======================
  Layer # 1 - Layer 1
  Layer # 1 - Bottom Depth=287700,E-01 A
  Layer # 1 - Density =0004,5189 g/cm3
  Layer # 1 -  100 % of Ti
  Layer # 1 -  0 % of He
  Layer # 1 -  0 % of Ti
κκκκκκκκκκκκκκκκκκκκκκκκκκκκκκκκκκκκκκκκκκκκκκκκκκκκ
  Layer # 2 - Layer 2
  Layer # 2 - Bottom Depth=355003,E+04 A
  Layer # 2 - Density =0000,0001 g/cm3
  Layer # 2 -  0 % of Ti
  Layer # 2 -  100 % of He
  Layer # 2 -  0 % of Ti
κκκκκκκκκκκκκκκκκκκκκκκκκκκκκκκκκκκκκκκκκκκκκκκκκκκκ
  Layer # 3 - Layer 3
  Layer # 3 - Bottom Depth=357880,E+04 A
  Layer # 3 - Density =0004,5189 g/cm3
  Layer # 3 -  0 % of Ti
  Layer # 3 -  0 % of He
  Layer # 3 -  100 % of Ti
κκκκκκκκκκκκκκκκκκκκκκκκκκκκκκκκκκκκκκκκκκκκκκκκκκκκ
                                            
Ion       Depth  X   Lateral Y   Lateral Z  
Number    (Angstrom) (Angstrom)  (Angstrom) 
-------  ----------- ----------- -----------
0000001   3,5501E+09  2,5330E+07  3,4499E+07
0000002   3,5501E+09  2,1948E+07  3,0373E+06
0000003   3,5501E+09 -1,6694E+07 -2,0649E+07
0000004   3,5501E+09 -7,1554E+06  2,0740E+06
0000005   3,5501E+09 -1,1620E+07 -6,2103E+06
0000006   3,5501E+09 -5,6189E+07  9,1888E+06
0000007   3,5501E+09 -1,4554E+07  1,5573E+07
0000008   3,5501E+09  2,2050E+07 -1,3499E+07
0000009   3,5501E+09  9,5598E+06  2,6984E+07
0000010   3,5501E+09 -1,4751E+07  7,5243E+06
0000011   3,5501E+09  1,2793E+07 -1,4083E+07
0000012   3,5501E+09 -7,4799E+06 -5,3012E+07
0000013   3,5501E+09  8,2779E+06  3,1375E+07
0000014   3,5501E+09 -1,3538E+07 -2,0604E+07
0000015   3,5501E+09  2,0554E+07  1,8027E+07
0000016   3,5501E+09 -2,1730E+07  8,2199E+06
0000017   3,5501E+09 -1,2788E+07  1,6485E+07
0000018   3,5501E+09 -6,6499E+06 -3,5777E+07
0000019   3,5501E+09  2,5420E+07 -2,6906E+07
0000020   3,5501E+09  2,0747E+07  2,1991E+07
0000021   3,5501E+09 -7,3284E+05  1,1496E+07
0000022   3,5501E+09  2,3693E+07 -7,4357E+06
0000023   3,5501E+09 -4,7750E+07 -1,1978E+07
0000024   3,5501E+09  1,2887E+07 -2,6768E+07
0000025   3,5501E+09 -5,7767E+06  5,3774E+06
0000026   3,5501E+09 -1,5341E+07  4,2989E+07
0000027   3,5501E+09 -1,4345E+07  6,8342E+06
0000028   3,5501E+09 -3,9729E+06 -1,2043E+07
0000029   3,5501E+09  5,9580E+05  2,8072E+07
0000030   3,5501E+09 -3,9581E+06 -3,4644E+07
0000031   3,5501E+09  3,0122E+07 -3,0110E+07
0000032   3,5501E+09  4,3133E+07 -4,4978E+06
0000033   3,5501E+09 -2,1490E+07 -3,7615E+07
0000034   3,5501E+09  3,2482E+07 -6,3048E+06
0000035   3,5501E+09 -3,1060E+07 -2,0461E+07
0000036   3,5501E+09  5,7181E+06  3,9216E+06
0000037   3,5501E+09  4,1112E+07  3,9407E+06
0000038   3,5501E+09  1,7789E+06  1,3994E+07
0000039   3,5501E+09  1,9040E+07  2,5399E+07
0000040   3,5501E+09 -1,8947E+07  1,7771E+07
0000041   3,5501E+09 -1,7836E+07 -6,0331E+06
0000042   3,5501E+09 -3,3875E+06  7,0132E+05
0000043   3,5501E+09 -1,9267E+07 -1,0938E+07
0000044   3,5501E+09 -2,1845E+07 -9,3996E+06
0000045   3,5501E+09  3,3174E+07  7,6205E+06
0000046   3,5501E+09 -1,4284E+08 -6,1942E+07
0000047   3,5501E+09  2,0964E+06  9,9439E+06
0000048   3,5501E+09  1,8076E+06 -8,2302E+06
0000049   3,5501E+09 -9,0103E+06 -1,4878E+07
0000050   3,5501E+09 -2,2151E+07  2,6340E+07
0000051   3,5501E+09 -1,1247E+07  8,3225E+06
0000052   3,5501E+09  1,5835E+06  2,9821E+07
0000053   3,5501E+09 -3,4316E+07  2,1861E+07
0000054   3,5501E+09 -8,8783E+06  3,6628E+07
0000055   3,5501E+09  5,3663E+07 -1,9083E+07
0000056   3,5501E+09  9,5195E+06  1,3584E+07
0000057   3,5501E+09  5,9303E+06  2,5657E+06
0000058   3,5501E+09  7,1935E+07  7,6624E+07
0000059   3,5501E+09 -5,7266E+06  3,1159E+07
0000060   3,5501E+09  4,9825E+07  3,7929E+07
0000061   3,5501E+09 -2,6524E+07  2,2669E+06
0000062   3,5501E+09  5,9254E+07  3,3788E+07
0000063   3,5501E+09  4,4913E+06  2,0293E+07
0000064   3,5501E+09 -8,2744E+06  3,6022E+06
0000065   3,5501E+09  9,9321E+06 -1,6941E+07
0000066   3,5501E+09 -3,3657E+07 -3,6773E+06
0000067   3,5501E+09  2,9290E+06  2,0395E+07
0000068   3,5501E+09  9,0216E+06  7,7402E+06
0000069   3,5501E+09  1,0789E+07 -3,4423E+06
0000070   3,5501E+09  2,2071E+07 -3,1153E+06
0000071   3,5501E+09  8,4720E+06 -3,3303E+06
0000072   3,5501E+09 -6,8721E+05  3,0589E+07
0000073   3,5501E+09  2,1127E+07 -1,1893E+07
0000074   3,5501E+09  5,2582E+07  1,1018E+07
0000075   3,5501E+09 -1,3846E+07  2,8369E+06
0000076   3,5501E+09  2,3488E+06 -1,8607E+07
0000077   3,5501E+09 -2,8395E+07  1,9532E+06
0000078   3,5501E+09 -2,3602E+07  1,6272E+07
0000079   3,5501E+09  2,8373E+07  3,5097E+07
0000080   3,5501E+09 -5,2583E+06  1,6307E+07
0000081   3,5501E+09  1,2101E+07 -2,7341E+07
0000082   3,5501E+09  1,3872E+07  3,2733E+07
0000083   3,5501E+09 -3,2429E+07  3,0743E+07
0000084   3,5501E+09 -2,0854E+06  1,9658E+06
0000085   3,5501E+09 -7,8139E+06 -7,6860E+06
0000086   3,5501E+09  2,0062E+07  2,3574E+07
0000087   3,5501E+09  1,3988E+06 -2,6864E+07
0000088   3,5501E+09 -8,8970E+06  1,2962E+07
0000089   3,5501E+09 -2,8334E+07  1,1356E+07
0000090   3,5501E+09  5,6068E+06 -1,0692E+07
0000091   3,5501E+09 -3,4889E+07  1,3159E+06
0000092   3,5501E+09  2,3370E+07  1,4956E+07
0000093   3,5501E+09  1,0062E+07 -4,6139E+07
0000094   3,5501E+09 -4,1325E+07 -1,7488E+07
0000095   3,5501E+09  1,3991E+07  8,7395E+07
0000096   3,5501E+09  8,9874E+05  3,3482E+07
0000097   3,5501E+09  1,7337E+07 -1,6601E+07
0000098   3,5501E+09  1,2291E+07  1,0822E+07
0000099   3,5501E+09  3,8406E+07  1,0933E+08
0000100   3,5501E+09 -1,7330E+07  1,6144E+07
0000101   3,5501E+09  2,8232E+07 -6,6093E+07
0000102   3,5501E+09  1,4433E+07  4,5986E+06
0000103   3,5501E+09  1,7137E+07 -2,3586E+07
0000104   3,5501E+09  1,3185E+07  1,3707E+07
0000105   3,5501E+09  5,7609E+06 -9,6938E+06
0000106   3,5501E+09  3,8600E+07  1,8281E+07
0000107   3,5501E+09  2,8107E+07  1,7923E+07
0000108   3,5501E+09 -5,0829E+06  2,5691E+05
0000109   3,5501E+09  3,0357E+07  8,1065E+05
0000110   3,5501E+09 -1,2419E+07  1,4451E+06
0000111   3,5501E+09 -1,1273E+07 -4,9724E+06
0000112   3,5501E+09  3,1660E+07  7,8472E+06
0000113   3,5501E+09  4,6945E+06 -3,0810E+07
0000114   3,5501E+09  3,5700E+07 -1,1818E+07
0000115   3,5501E+09 -1,5017E+07 -4,4097E+06
0000116   3,5501E+09  2,2528E+07 -8,1173E+06
0000117   3,5501E+09 -2,6055E+07  1,3973E+07
0000118   3,5501E+09 -2,1219E+07 -2,2028E+07
0000119   3,5501E+09 -1,5220E+07 -9,7245E+05
0000120   3,5501E+09  4,0616E+07 -2,9318E+07
0000121   3,5501E+09  2,3670E+06  3,3919E+07
0000122   3,5501E+09 -2,0652E+06  2,2449E+06
0000123   3,5501E+09 -6,1916E+06  1,0556E+08
0000124   3,5501E+09  1,2035E+06 -3,3050E+06
0000125   3,5501E+09  1,1171E+07 -3,7087E+06
0000126   3,5501E+09  6,5244E+06  3,1536E+07
0000127   3,5501E+09 -3,3095E+07 -2,6966E+07
0000128   3,5501E+09  1,1183E+07  7,2921E+06
0000129   3,5501E+09 -3,7878E+07  2,1082E+07
0000130   3,5501E+09  1,0600E+07 -1,1104E+07
0000131   3,5501E+09  1,6683E+05 -1,8277E+07
0000132   3,5501E+09  3,9620E+07 -2,6996E+07
0000133   3,5501E+09 -7,0528E+07  3,6519E+07
0000134   3,5501E+09  7,9617E+06 -2,6241E+06
0000135   3,5501E+09 -4,3065E+07  1,5086E+07
0000136   3,5501E+09 -3,3524E+06  1,8246E+07
0000137   3,5501E+09  2,9654E+07 -7,1554E+07
0000138   3,5501E+09 -6,3503E+06 -1,1049E+07
0000139   3,5501E+09 -2,0717E+07 -5,2806E+06
0000140   3,5501E+09 -2,1941E+07  5,5744E+07
0000141   3,5501E+09  1,7363E+07 -7,0675E+06
0000142   3,5501E+09  4,4289E+06  7,9144E+06
0000143   3,5501E+09  1,4809E+07  2,1775E+07
0000144   3,5501E+09  3,6177E+06  1,3779E+07
0000145   3,5501E+09 -1,8463E+07  1,5826E+07
0000146   3,5501E+09 -8,9816E+06  1,6195E+07
0000147   3,5501E+09 -2,6139E+07  6,2752E+07
0000148   3,5501E+09  1,1813E+07  5,0486E+07
0000149   3,5501E+09  1,2595E+07 -2,6825E+07
0000150   3,5501E+09  1,6412E+07  1,3062E+07
0000151   3,5501E+09  1,8061E+07  1,0145E+07
0000152   3,5501E+09  1,9189E+07  1,3123E+07
0000153   3,5501E+09 -2,0246E+05 -1,2619E+07
0000154   3,5501E+09 -5,1035E+06 -1,0229E+07
0000155   3,5501E+09  2,2896E+07 -8,6383E+06
0000156   3,5501E+09 -2,4412E+07  2,5006E+07
0000157   3,5501E+09 -8,4236E+06  4,0323E+06
0000158   3,5501E+09 -1,3941E+07  1,5092E+07
0000159   3,5501E+09 -7,4608E+06 -2,5535E+06
0000160   3,5501E+09 -2,0437E+07 -8,7082E+06
0000161   3,5501E+09  2,7136E+07  8,5845E+06
0000162   3,5501E+09  2,4334E+07  1,9075E+07
0000163   3,5501E+09 -1,8260E+07  3,3138E+07
0000164   3,5501E+09 -2,4208E+06 -3,2463E+07
0000165   3,5501E+09  4,8109E+07  2,8190E+07
0000166   3,5501E+09  2,3974E+07 -4,6635E+07
0000167   3,5501E+09 -3,3981E+07  2,6940E+07
0000168   3,5501E+09 -1,3956E+07 -1,7358E+07
0000169   3,5501E+09 -2,6668E+07 -4,7783E+06
0000170   3,5501E+09  3,5615E+06 -7,1541E+05
0000171   3,5501E+09 -1,7301E+07 -3,7247E+07
0000172   3,5501E+09 -6,0834E+04 -2,3284E+05
0000173   3,5501E+09 -2,2639E+07 -6,7165E+06
0000174   3,5501E+09 -1,2274E+07  2,2273E+06
0000175   3,5501E+09  1,7095E+07 -9,6134E+07
0000176   3,5501E+09 -1,6019E+07  4,6204E+06
0000177   3,5501E+09  3,2016E+07  3,2861E+06
0000178   3,5501E+09 -6,5560E+06 -3,0663E+07
0000179   3,5501E+09 -1,3996E+07 -3,2236E+07
0000180   3,5501E+09 -2,4554E+07 -3,3229E+06
0000181   3,5501E+09  2,5015E+07  9,2285E+06
0000182   3,5501E+09 -3,7659E+07  7,2135E+07
0000183   3,5501E+09  6,1690E+07  1,1482E+07
0000184   3,5501E+09  8,5559E+06  2,8263E+06
0000185   3,5501E+09 -2,2355E+07 -1,5983E+07
0000186   3,5501E+09 -1,2879E+07  3,8235E+07
0000187   3,5501E+09  2,7228E+07 -1,4010E+07
0000188   3,5501E+09  1,1047E+05  6,5820E+06
0000189   3,5501E+09 -1,7546E+07  4,5839E+07
0000190   3,5501E+09  1,2708E+07 -4,5012E+06
0000191   3,5501E+09  2,4904E+07  3,6089E+06
0000192   3,5501E+09 -6,3278E+06  1,6573E+07
0000193   3,5501E+09  4,7536E+06 -3,4458E+07
0000194   3,5501E+09  1,6995E+07 -2,8497E+07
0000195   3,5501E+09  2,6616E+07  5,3278E+07
0000196   3,5501E+09  1,8539E+07  1,9989E+06
0000197   3,5501E+09 -2,7588E+07  1,8012E+07
0000198   3,5501E+09  2,0175E+07 -7,2553E+06
0000199   3,5501E+09  1,8702E+07 -1,4040E+07
0000200   3,5501E+09 -7,7260E+06  5,2247E+06
0000201   3,5501E+09  2,5809E+07 -1,3488E+07
0000202   3,5501E+09  7,7930E+06  2,4465E+07
0000203   3,5501E+09 -9,9762E+06  8,7165E+06
0000204   3,5501E+09 -8,1934E+07  6,2729E+05
0000205   3,5501E+09 -1,4578E+07 -3,2283E+06
0000206   3,5501E+09 -2,3475E+07  7,6024E+07
0000207   3,5501E+09  1,3818E+07  4,3749E+06
0000208   3,5501E+09  4,2962E+06  4,5374E+07
0000209   3,5501E+09  7,0622E+06 -3,6300E+07
0000210   3,5501E+09  6,1069E+05  1,2548E+06
0000211   3,5501E+09  4,0687E+06 -3,7918E+07
0000212   3,5501E+09 -3,0358E+07  2,1569E+06
0000213   3,5501E+09  1,5931E+07  3,6111E+07
0000214   3,5501E+09  2,8354E+06  1,9529E+07
0000215   3,5501E+09  2,0779E+06 -5,8282E+06
0000216   3,5501E+09 -9,6313E+06 -2,6916E+06
0000217   3,5501E+09 -8,2105E+06 -3,1061E+07
0000218   3,5501E+09  1,7617E+07 -2,3125E+07
0000219   3,5501E+09 -9,8903E+06 -9,0241E+06
0000220   3,5501E+09  2,7544E+07  2,0503E+07
0000221   3,5501E+09  3,1074E+07 -1,5459E+07
0000222   3,5501E+09  8,5364E+07  2,2472E+07
0000223   3,5501E+09 -4,3979E+07 -3,9353E+07
0000224   3,5501E+09  1,1468E+06 -1,3585E+07
0000225   3,5501E+09  1,7546E+06  5,1862E+06
0000226   3,5501E+09 -5,3700E+06  3,1093E+07
0000227   3,5501E+09  6,5306E+06  2,5123E+07
0000228   3,5501E+09 -8,7578E+06  1,4167E+07
0000229   3,5501E+09 -1,3302E+06  1,6828E+07
0000230   3,5501E+09  1,8347E+07 -1,5868E+07
0000231   3,5501E+09  6,2472E+06  8,5283E+06
0000232   3,5501E+09 -2,4678E+07  1,4446E+07
0000233   3,5501E+09 -3,2129E+06 -5,3783E+06
0000234   3,5501E+09  4,2258E+07  2,1238E+07
0000235   3,5501E+09  4,1015E+07  3,2414E+07
0000236   3,5501E+09 -2,0500E+07 -7,4899E+06
0000237   3,5501E+09  1,6430E+07 -1,0100E+07
0000238   3,5501E+09 -4,4020E+04  8,1796E+06
0000239   3,5501E+09  1,3614E+07 -3,3499E+05
0000240   3,5501E+09 -1,4618E+07 -2,0392E+07
0000241   3,5501E+09 -2,2533E+06  1,2331E+07
0000242   3,5501E+09  6,3527E+06 -1,3062E+06
0000243   3,5501E+09  5,9954E+06 -3,0729E+07
0000244   3,5501E+09  5,1675E+06  1,9083E+07
0000245   3,5501E+09  1,6199E+06 -1,8503E+07
0000246   3,5501E+09 -4,2376E+07 -3,5159E+06
0000247   3,5501E+09 -2,3859E+07 -1,1603E+07
0000248   3,5501E+09  2,2211E+07 -7,2715E+06
0000249   3,5501E+09  8,0379E+06 -2,9762E+07
0000250   3,5501E+09 -3,2131E+07 -1,3557E+07
0000251   3,5501E+09  5,7920E+04  5,2330E+06
0000252   3,5501E+09  1,3889E+07  1,5183E+07
0000253   3,5501E+09 -9,5630E+06 -7,4089E+06
0000254   3,5501E+09  2,2367E+07  2,4920E+07
0000255   3,5501E+09  1,0542E+06  2,4186E+07
0000256   3,5501E+09 -5,8219E+06 -1,2098E+07
0000257   3,5501E+09 -5,6312E+06 -3,4548E+07
0000258   3,5501E+09 -3,0608E+07 -6,3126E+06
0000259   3,5501E+09 -1,2903E+07 -4,3801E+07
0000260   3,5501E+09  2,9724E+07  4,3386E+07
0000261   3,5501E+09  1,5762E+07  9,1990E+06
0000262   3,5501E+09 -3,5184E+07  2,8552E+07
0000263   3,5501E+09  3,8808E+07  1,1403E+07
0000264   3,5501E+09  2,5087E+07  2,4016E+06
0000265   3,5501E+09  2,3121E+07  3,1329E+07
0000266   3,5501E+09 -4,5842E+07 -2,4926E+07
0000267   3,5501E+09 -6,3164E+06  5,5342E+07
0000268   3,5501E+09  1,6634E+07  3,6320E+07
0000269   3,5501E+09  1,0278E+07 -3,3032E+07
0000270   3,5501E+09 -1,5571E+07  3,0927E+06
0000271   3,5501E+09  4,4989E+06  1,5553E+07
0000272   3,5501E+09  4,2622E+05 -5,8371E+06
0000273   3,5501E+09 -5,1598E+06 -3,2615E+07
0000274   3,5501E+09 -8,1010E+06  4,6316E+06
0000275   3,5501E+09 -4,5739E+06  2,5919E+07
0000276   3,5501E+09  3,9735E+07 -5,4380E+06
0000277   3,5501E+09 -4,2537E+05 -9,5813E+06
0000278   3,5501E+09  2,2428E+07 -8,3637E+05
0000279   3,5501E+09 -1,7697E+06  1,7625E+07
0000280   3,5501E+09  8,3772E+06 -8,9204E+06
0000281   3,5501E+09 -2,8747E+07 -1,7093E+07
0000282   3,5501E+09 -2,1136E+07  3,5231E+07
0000283   3,5501E+09 -4,7404E+06 -2,8311E+07
0000284   3,5501E+09  2,7487E+06 -4,2510E+07
0000285   3,5501E+09  3,0134E+05  1,0526E+06
0000286   3,5501E+09 -6,4416E+06 -9,1772E+06
0000287   3,5501E+09  3,0179E+06 -3,2742E+07
0000288   3,5501E+09  4,7887E+07  2,1379E+07
0000289   3,5501E+09  1,6524E+07  7,9932E+06
0000290   3,5501E+09 -5,0844E+06 -1,4541E+07
0000291   3,5501E+09 -1,6152E+07 -1,1395E+06
0000292   3,5501E+09 -2,7781E+07 -2,2589E+06
0000293   3,5501E+09 -6,3993E+05  2,2233E+07
0000294   3,5501E+09 -3,5730E+07 -4,8287E+05
0000295   3,5501E+09 -5,6024E+06 -1,8944E+07
0000296   3,5501E+09  6,5960E+06 -4,6981E+06
0000297   3,5501E+09 -1,8981E+07 -1,8857E+05
0000298   3,5501E+09  2,0473E+07  1,6342E+07
0000299   3,5501E+09  4,2273E+06 -2,3129E+07
0000300   3,5501E+09 -1,6066E+06  8,9176E+06
0000301   3,5501E+09 -1,8533E+07 -3,5923E+07
0000302   3,5501E+09 -2,9062E+07  9,1292E+06
0000303   3,5501E+09 -9,1531E+06  3,4949E+07
0000304   3,5501E+09  2,9712E+07 -1,7923E+07
0000305   3,5501E+09  9,2874E+05 -4,1812E+07
0000306   3,5501E+09  1,1845E+07 -6,8453E+06
0000307   3,5501E+09  2,3701E+07  2,9055E+07
0000308   3,5501E+09 -4,5301E+06  1,1334E+07
0000309   3,5501E+09 -2,0285E+07  6,4114E+06
0000310   3,5501E+09  6,0855E+06 -2,0587E+07
0000311   3,5501E+09 -3,8232E+06 -3,7028E+06
0000312   3,5501E+09 -1,8004E+07  2,4247E+07
0000313   3,5501E+09  1,1714E+07  1,0066E+07
0000314   3,5501E+09 -1,6611E+07 -2,4862E+05
0000315   3,5501E+09  6,2246E+07  7,5504E+07
0000316   3,5501E+09 -4,6974E+06  1,2209E+07
0000317   3,5501E+09 -2,1613E+07  1,4050E+07
0000318   3,5501E+09 -5,8650E+07 -7,2112E+06
0000319   3,5501E+09 -1,3550E+07 -2,0118E+05
0000320   3,5501E+09  1,2954E+07 -4,3100E+07
0000321   3,5501E+09  2,7822E+07 -1,8791E+07
0000322   3,5501E+09  2,4934E+07 -1,0234E+07
0000323   3,5501E+09 -1,0846E+08 -2,8524E+06
0000324   3,5501E+09 -1,2584E+06  1,2349E+07
0000325   3,5501E+09 -1,1265E+07  3,2183E+07
0000326   3,5501E+09  1,5703E+07 -1,6205E+06
0000327   3,5501E+09  1,2858E+07 -3,6522E+07
0000328   3,5501E+09 -8,8961E+06 -8,2236E+06
0000329   3,5501E+09  3,2161E+07  8,0185E+06
0000330   3,5501E+09 -6,0897E+06 -1,2424E+07
0000331   3,5501E+09 -3,8737E+07 -3,6042E+06
0000332   3,5501E+09 -1,4905E+07  2,3885E+07
0000333   3,5501E+09 -3,8594E+07  2,3971E+07
0000334   3,5501E+09 -3,6014E+07  2,5850E+07
0000335   3,5501E+09  2,5155E+07 -5,1229E+07
0000336   3,5501E+09  1,7586E+05  1,7412E+07
0000337   3,5501E+09 -1,1320E+07 -3,3187E+07
0000338   3,5501E+09  1,6595E+07 -4,5529E+06
0000339   3,5501E+09 -2,0828E+06 -2,5830E+07
0000340   3,5501E+09  5,6002E+07 -1,1257E+07
0000341   3,5501E+09 -1,7669E+07  1,5851E+06
0000342   3,5501E+09 -8,9971E+06 -3,2342E+07
0000343   3,5501E+09  3,6084E+06 -1,7141E+07
0000344   3,5501E+09 -1,7829E+07  1,8300E+07
0000345   3,5501E+09  3,4191E+07  1,8985E+07
0000346   3,5501E+09 -3,3080E+07 -6,4809E+06
0000347   3,5501E+09  1,8941E+06 -7,0279E+06
0000348   3,5501E+09  1,2009E+07 -2,8412E+07
0000349   3,5501E+09  2,7150E+07 -1,5732E+07
0000350   3,5501E+09 -1,2712E+07  1,5515E+07
0000351   3,5501E+09  8,9945E+06 -2,4225E+07
0000352   3,5501E+09  3,4787E+06  2,4959E+07
0000353   3,5501E+09  4,0294E+07  8,5759E+06
0000354   3,5501E+09 -4,0676E+05 -1,5024E+07
0000355   3,5501E+09  6,1654E+07 -1,0797E+08
0000356   3,5501E+09  1,9305E+07 -1,0761E+07
0000357   3,5501E+09 -4,8853E+06  1,2701E+07
0000358   3,5501E+09 -5,1893E+06  2,1436E+06
0000359   3,5501E+09  8,8610E+06  2,2891E+07
0000360   3,5501E+09 -1,5731E+07  1,9537E+07
0000361   3,5501E+09 -2,5607E+07 -9,9265E+06
0000362   3,5501E+09  7,4041E+06 -3,6908E+07
0000363   3,5501E+09 -5,3541E+06 -2,8412E+07
0000364   3,5501E+09 -1,4365E+07 -4,1749E+07
0000365   3,5501E+09 -7,4148E+06  2,0929E+06
0000366   3,5501E+09 -8,5073E+07  3,2257E+06
0000367   3,5501E+09 -1,0385E+07  2,2024E+07
0000368   3,5501E+09  1,8118E+07  1,3080E+07
0000369   3,5501E+09  1,2932E+07  3,2729E+07
0000370   3,5501E+09  5,2165E+07 -8,2394E+06
0000371   3,5501E+09 -4,8156E+06  5,2658E+06
0000372   3,5501E+09 -2,6944E+07  2,3849E+07
0000373   3,5501E+09 -1,6269E+07 -1,1736E+07
0000374   3,5501E+09 -1,3932E+06 -5,0380E+06
0000375   3,5501E+09  1,9680E+07  3,4804E+06
0000376   3,5501E+09 -2,8990E+07  5,6591E+07
0000377   3,5501E+09  1,3319E+07  1,6315E+07
0000378   3,5501E+09  3,9864E+07  3,0240E+07
0000379   3,5501E+09 -3,4526E+06 -2,9612E+06
0000380   3,5501E+09  1,5555E+06 -8,7904E+05
0000381   3,5501E+09 -8,2271E+06  2,7829E+07
0000382   3,5501E+09  2,3867E+07 -9,2291E+06
0000383   3,5501E+09  5,0453E+06 -9,3841E+06
0000384   3,5501E+09 -4,2983E+05 -1,1449E+07
0000385   3,5501E+09 -1,4177E+07 -1,7084E+07
0000386   3,5501E+09 -1,0938E+07  1,5888E+06
0000387   3,5501E+09 -2,9511E+07  2,0827E+06
0000388   3,5501E+09 -3,7637E+07  4,1250E+06
0000389   3,5501E+09 -6,6315E+07 -7,6613E+07
0000390   3,5501E+09 -3,7040E+06 -5,0733E+06
0000391   3,5501E+09  2,6283E+07  2,2712E+07
0000392   3,5501E+09 -3,6504E+06  1,0384E+07
0000393   3,5501E+09  1,2000E+07  5,0210E+06
0000394   3,5501E+09 -1,7777E+07  1,9157E+07
0000395   3,5501E+09  8,1922E+06 -2,4975E+07
0000396   3,5501E+09 -7,3010E+06  1,7890E+06
0000397   3,5501E+09 -5,8552E+06 -1,3792E+07
0000398   3,5501E+09 -1,2922E+07  4,0872E+06
0000399   3,5501E+09 -1,7491E+07  3,6323E+07
0000400   3,5501E+09  4,1512E+07 -3,1631E+06
0000401   3,5501E+09  1,2751E+07 -4,7374E+06
0000402   3,5501E+09 -1,5142E+07 -3,4119E+07
0000403   3,5501E+09 -1,8924E+07  4,3751E+05
0000404   3,5501E+09  4,1579E+06  8,0629E+06
0000405   3,5501E+09 -2,1087E+04 -3,2084E+07
0000406   3,5501E+09 -9,5027E+06  7,7712E+06
0000407   3,5501E+09  1,7103E+07  2,8157E+06
0000408   3,5501E+09  2,1490E+07 -9,9485E+06
0000409   3,5501E+09  6,5144E+06 -3,6052E+07
0000410   3,5501E+09 -9,7681E+06  3,5175E+07
0000411   3,5501E+09 -2,7900E+07  1,7530E+07
0000412   3,5501E+09 -1,2575E+07  3,0744E+06
0000413   3,5501E+09  7,0776E+07  5,1533E+07
0000414   3,5501E+09 -1,2905E+07 -3,6046E+07
0000415   3,5501E+09 -1,2504E+07  2,2242E+07
0000416   3,5501E+09  2,7496E+07 -8,0835E+06
0000417   3,5501E+09  2,4370E+07 -1,3737E+07
0000418   3,5501E+09 -6,1044E+06  1,0332E+06
0000419   3,5501E+09 -1,4232E+07  2,5654E+07
0000420   3,5501E+09  1,9979E+07  2,0001E+07
0000421   3,5501E+09 -5,2021E+06  1,8646E+07
0000422   3,5501E+09 -1,0423E+07 -3,6353E+07
0000423   3,5501E+09  5,4882E+07 -2,7979E+07
0000424   3,5501E+09 -1,2520E+07 -4,4044E+07
0000425   3,5501E+09  2,0539E+07 -5,8319E+06
0000426   3,5501E+09 -2,7382E+05 -8,1741E+06
0000427   3,5501E+09 -1,7280E+06  1,0040E+07
0000428   3,5501E+09  1,9172E+08 -1,3611E+08
0000429   3,5501E+09 -2,4816E+07  2,0635E+06
0000430   3,5501E+09 -1,6901E+07 -3,8612E+07
0000431   3,5501E+09  2,9692E+07 -6,6510E+06
0000432   3,5501E+09  1,6792E+07  2,5794E+07
0000433   3,5501E+09 -1,4852E+07 -1,7950E+07
0000434   3,5501E+09  1,7899E+08 -1,8339E+08
0000435   3,5501E+09 -1,1522E+07  2,2312E+07
0000436   3,5501E+09  1,3311E+06  2,2959E+06
0000437   3,5501E+09 -1,5069E+07 -8,7531E+06
0000438   3,5501E+09 -1,7931E+06  5,0512E+06
0000439   3,5501E+09 -3,7655E+07 -2,7078E+07
0000440   3,5501E+09 -3,3808E+07  9,9795E+06
0000441   3,5501E+09 -3,0970E+06  1,2417E+07
0000442   3,5501E+09  1,8427E+07  2,2747E+07
0000443   3,5501E+09 -1,0682E+07 -2,0687E+07
0000444   3,5501E+09 -1,8235E+06  5,1029E+06
0000445   3,5501E+09 -7,5369E+06 -3,9489E+07
0000446   3,5501E+09 -3,9780E+07  1,6087E+08
0000447   3,5501E+09 -1,7448E+07  1,6444E+07
0000448   3,5501E+09 -1,0013E+06 -2,1365E+05
0000449   3,5501E+09  7,9212E+06 -1,5033E+07
0000450   3,5501E+09 -5,8740E+06 -2,8161E+07
0000451   3,5501E+09 -8,5766E+06 -2,2204E+07
0000452   3,5501E+09  9,1604E+05  2,2785E+07
0000453   3,5501E+09  2,6474E+07 -1,4783E+07
0000454   3,5501E+09  2,7586E+07 -1,7330E+07
0000455   3,5501E+09  1,7471E+06 -4,4125E+07
0000456   3,5501E+09  4,5778E+07  7,3929E+07
0000457   3,5501E+09 -3,4483E+06 -5,6887E+06
0000458   3,5501E+09  2,5793E+07  1,8096E+07
0000459   3,5501E+09 -1,4712E+06 -5,4594E+06
0000460   3,5501E+09 -3,4662E+06  1,9848E+07
0000461   3,5501E+09  2,7450E+07  9,5674E+06
0000462   3,5501E+09 -3,2617E+07 -3,8769E+06
0000463   3,5501E+09  2,0921E+07  1,8542E+07
0000464   3,5501E+09  3,2397E+07 -4,9022E+07
0000465   3,5501E+09  1,0058E+06  1,8343E+07
0000466   3,5501E+09  3,0102E+07  3,7283E+07
0000467   3,5501E+09 -2,7047E+06 -1,3607E+07
0000468   3,5501E+09  6,2895E+06  5,3243E+06
0000469   3,5501E+09  6,8887E+06 -2,4087E+07
0000470   3,5501E+09  2,7948E+06  1,3567E+07
0000471   3,5501E+09  4,6227E+06 -6,3755E+06
0000472   3,5501E+09 -2,3533E+07 -1,2112E+07
0000473   3,5501E+09 -3,5879E+07  3,2939E+07
0000474   3,5501E+09  1,7457E+07  2,9284E+07
0000475   3,5501E+09  1,3604E+06 -5,8277E+07
0000476   3,5501E+09  3,9853E+07 -3,2622E+07
0000477   3,5501E+09 -7,0515E+07 -1,1051E+08
0000478   3,5501E+09  5,4290E+06  8,8735E+06
0000479   3,5501E+09  2,3788E+07 -2,8843E+07
0000480   3,5501E+09 -6,0212E+06 -2,8151E+07
0000481   3,5501E+09 -1,2339E+07  6,2568E+06
0000482   3,5501E+09 -7,8661E+06 -2,4966E+07
0000483   3,5501E+09 -1,4242E+07  7,9969E+06
0000484   3,5501E+09  2,1900E+07 -1,6748E+07
0000485   3,5501E+09 -6,1411E+06  6,4809E+07
0000486   3,5501E+09  1,4351E+07 -6,8500E+05
0000487   3,5501E+09  3,3310E+07 -7,1612E+06
0000488   3,5501E+09  1,5650E+06  5,9026E+06
0000489   3,5501E+09 -4,9003E+06 -6,1537E+06
0000490   3,5501E+09 -1,4422E+06  4,1783E+06
0000491   3,5501E+09 -2,1059E+07  2,0084E+07
0000492   3,5501E+09  1,1189E+07  2,5907E+06
0000493   3,5501E+09 -2,7718E+07 -1,5050E+07
0000494   3,5501E+09  2,3442E+06 -8,9455E+05
0000495   3,5501E+09  8,7555E+06  1,8503E+07
0000496   3,5501E+09 -8,3166E+06 -6,8534E+06
0000497   3,5501E+09 -1,3505E+07 -9,4027E+06
0000498   3,5501E+09  5,1723E+05  1,5436E+07
0000499   3,5501E+09  7,6994E+06  1,3872E+07
0000500   3,5501E+09 -5,0963E+06 -5,2826E+07
0000501   3,5501E+09  7,8192E+07  5,1893E+07
0000502   3,5501E+09 -6,6106E+06 -1,5376E+07
0000503   3,5501E+09  4,2022E+06 -1,2207E+07
0000504   3,5501E+09 -3,1107E+07  3,2631E+07
0000505   3,5501E+09  6,5525E+06  1,3275E+07
0000506   3,5501E+09 -4,8143E+06  6,2118E+06
0000507   3,5501E+09 -3,7291E+07 -8,3162E+06
0000508   3,5501E+09 -2,5512E+06 -5,2576E+06
0000509   3,5501E+09 -1,1386E+07  4,9569E+06
0000510   3,5501E+09 -1,9862E+07 -1,7908E+07
0000511   3,5501E+09  1,7747E+07  1,2908E+07
0000512   3,5501E+09  5,8761E+07  2,0950E+07
0000513   3,5501E+09  3,2697E+07  2,3143E+06
0000514   3,5501E+09 -2,8569E+01 -7,1977E+06
0000515   3,5501E+09  2,4301E+07  3,7000E+06
0000516   3,5501E+09 -5,3406E+06 -4,8914E+06
0000517   3,5501E+09  1,2805E+05 -2,7940E+06
0000518   3,5501E+09 -5,7116E+07  7,8006E+07
0000519   3,5501E+09  1,0832E+08  9,7977E+07
0000520   3,5501E+09 -2,1140E+07 -1,2372E+06
0000521   3,5501E+09 -1,0538E+07 -1,4424E+07
0000522   3,5501E+09  2,7873E+07 -1,3822E+07
0000523   3,5501E+09  2,8212E+07  2,3414E+07
0000524   3,5501E+09 -1,0702E+07 -2,1156E+06
0000525   3,5501E+09  2,6429E+07 -8,1240E+06
0000526   3,5501E+09 -3,9141E+06  1,5758E+07
0000527   3,5501E+09 -8,4604E+06 -6,9059E+06
0000528   3,5501E+09  2,0978E+07  3,6616E+06
0000529   3,5501E+09  7,2735E+06  1,9696E+07
0000530   3,5501E+09 -1,6353E+07 -2,4260E+07
0000531   3,5501E+09  8,0403E+06  4,9474E+06
0000532   3,5501E+09  2,5153E+06 -5,5711E+06
0000533   3,5501E+09 -3,1220E+07 -2,3109E+07
0000534   3,5501E+09  3,3662E+07  5,4633E+07
0000535   3,5501E+09  1,3533E+07  3,0690E+07
0000536   3,5501E+09 -2,2308E+07 -4,2673E+05
0000537   3,5501E+09  2,1081E+07 -1,5927E+07
0000538   3,5501E+09  1,5033E+07 -1,6846E+07
0000539   3,5501E+09  2,1226E+07 -2,6396E+07
0000540   3,5501E+09  9,3895E+06 -1,5823E+07
0000541   3,5501E+09  5,0766E+06  4,4196E+07
0000542   3,5501E+09 -1,1372E+07 -1,6066E+07
0000543   3,5501E+09  1,0596E+07  4,6499E+06
0000544   3,5501E+09 -2,1518E+07  3,9209E+06
0000545   3,5501E+09 -1,2138E+07  1,2172E+07
0000546   3,5501E+09  2,5760E+07  1,7846E+07
0000547   3,5501E+09  2,6512E+07  2,3687E+07
0000548   3,5501E+09 -6,4221E+06 -3,4456E+07
0000549   3,5501E+09 -1,3441E+08 -7,0550E+06
0000550   3,5501E+09  1,4663E+07  8,4023E+05
0000551   3,5501E+09  1,1035E+07  1,0827E+07
0000552   3,5501E+09  1,3140E+07  2,9130E+07
0000553   3,5501E+09 -4,2870E+04 -8,7001E+06
0000554   3,5501E+09 -1,6707E+07 -1,4251E+07
0000555   3,5501E+09  7,8555E+07  8,4475E+06
0000556   3,5501E+09  2,5126E+06 -1,7533E+07
0000557   3,5501E+09  2,4323E+07  1,9849E+07
0000558   3,5501E+09 -5,5284E+06  1,8019E+07
0000559   3,5501E+09 -1,0382E+07  2,9167E+06
0000560   3,5501E+09  2,7356E+07 -1,7227E+07
0000561   3,5501E+09  1,1901E+07 -1,2698E+07
0000562   3,5501E+09 -8,0922E+06  3,3898E+07
0000563   3,5501E+09  1,2058E+06  5,4988E+06
0000564   3,5501E+09 -1,5250E+07  1,3453E+07
0000565   3,5501E+09 -1,6510E+07  4,3098E+07
0000566   3,5501E+09  3,8385E+06 -3,8621E+07
0000567   3,5501E+09  1,7010E+07 -2,8636E+07
0000568   3,5501E+09  2,7438E+07 -1,5011E+07
0000569   3,5501E+09 -6,8721E+07  1,0471E+07
0000570   3,5501E+09 -1,2181E+07 -2,3514E+07
0000571   3,5501E+09 -3,3098E+05 -2,3822E+07
0000572   3,5501E+09 -5,0211E+06 -1,4157E+07
0000573   3,5501E+09 -3,6295E+06  2,0934E+07
0000574   3,5501E+09  1,5668E+06  3,8734E+07
0000575   3,5501E+09 -1,0608E+07  4,0664E+06
0000576   3,5501E+09 -8,5457E+06  5,6604E+06
0000577   3,5501E+09 -4,7501E+07  2,9295E+06
0000578   3,5501E+09 -9,9268E+06  2,0662E+07
0000579   3,5501E+09 -2,9421E+07  1,0414E+07
0000580   3,5501E+09  2,0718E+07 -1,5416E+07
0000581   3,5501E+09  1,8734E+07  2,6332E+07
0000582   3,5501E+09  1,1467E+07 -1,7236E+07
0000583   3,5501E+09 -2,9992E+07 -1,4391E+07
0000584   3,5501E+09 -2,6792E+07  1,9060E+07
0000585   3,5501E+09 -5,2323E+06 -1,9237E+06
0000586   3,5501E+09 -3,9612E+07 -2,1615E+07
0000587   3,5501E+09  2,2803E+07 -5,1556E+06
0000588   3,5501E+09 -1,3322E+07 -9,8521E+06
0000589   3,5501E+09  8,2169E+06 -1,9290E+07
0000590   3,5501E+09  6,2828E+06 -1,5696E+06
0000591   3,5501E+09  3,4231E+07 -7,8544E+06
0000592   3,5501E+09  2,6251E+07  3,4046E+05
0000593   3,5501E+09  1,2780E+08  1,7170E+08
0000594   3,5501E+09 -2,1017E+06 -3,0641E+07
0000595   3,5501E+09  8,5909E+06 -8,6281E+06
0000596   3,5501E+09  2,1333E+07  2,3590E+07
0000597   3,5501E+09 -1,8744E+07  1,4757E+07
0000598   3,5501E+09 -2,8135E+07  9,0310E+06
0000599   3,5501E+09  1,0704E+07  2,2844E+07
0000600   3,5501E+09  2,9688E+07  3,9906E+07
0000601   3,5501E+09  9,1078E+06 -1,7453E+07
0000602   3,5501E+09  2,3182E+07 -1,1073E+07
0000603   3,5501E+09 -9,9102E+06 -3,6615E+07
0000604   3,5501E+09 -1,2918E+07 -2,8407E+07
0000605   3,5501E+09  1,3288E+07  1,3077E+07
0000606   3,5501E+09  3,5129E+07  1,8037E+06
0000607   3,5501E+09  2,8152E+06  3,0169E+07
0000608   3,5501E+09 -1,1491E+07 -1,9334E+07
0000609   3,5501E+09  1,2481E+07 -1,4224E+07
0000610   3,5501E+09  2,6281E+07 -1,0783E+06
0000611   3,5501E+09 -3,8536E+07 -2,5111E+07
0000612   3,5501E+09 -2,3380E+05  1,3889E+07
0000613   3,5501E+09  3,0476E+06  3,8106E+07
0000614   3,5501E+09  1,4357E+07 -9,8384E+06
0000615   3,5501E+09 -1,4543E+07 -7,6236E+05
0000616   3,5501E+09  1,0680E+07 -6,0016E+06
0000617   3,5501E+09 -1,1781E+07  1,7494E+07
0000618   3,5501E+09 -3,3246E+07 -8,0794E+06
0000619   3,5501E+09  2,2916E+07 -1,9920E+06
0000620   3,5501E+09  1,4944E+06  5,5722E+05
0000621   3,5501E+09  1,9762E+07  3,9414E+06
0000622   3,5501E+09  1,6080E+07 -1,1131E+07
0000623   3,5501E+09 -1,1659E+06 -4,9637E+06
0000624   3,5501E+09  7,7682E+07 -1,2684E+07
0000625   3,5501E+09 -6,1599E+06  1,2169E+07
0000626   3,5501E+09  3,1877E+07 -1,2246E+07
0000627   3,5501E+09 -1,1398E+07  1,1845E+07
0000628   3,5501E+09  1,1139E+07 -1,7871E+07
0000629   3,5501E+09  2,1803E+06  1,5159E+07
0000630   3,5501E+09  8,5858E+06  9,0733E+05
0000631   3,5501E+09 -1,0361E+05 -1,8603E+07
0000632   3,5501E+09 -4,2857E+07  8,9515E+06
0000633   3,5501E+09  5,1115E+06  5,0769E+06
0000634   3,5501E+09 -2,4106E+07 -1,0043E+07
0000635   3,5501E+09 -6,7901E+06  3,7640E+07
0000636   3,5501E+09 -2,3782E+07  2,8083E+07
0000637   3,5501E+09  1,0070E+07 -1,4340E+06
0000638   3,5501E+09 -1,5146E+07  4,0932E+06
0000639   3,5501E+09  5,9800E+06 -3,8121E+07
0000640   3,5501E+09 -3,7346E+06  3,1104E+06
0000641   3,5501E+09 -4,6126E+06  5,8287E+06
0000642   3,5501E+09 -9,3935E+06 -5,9661E+07
0000643   3,5501E+09 -2,5148E+07  5,6901E+06
0000644   3,5501E+09 -5,6006E+06 -3,4814E+07
0000645   3,5501E+09 -3,8441E+07  5,1508E+06
0000646   3,5501E+09  8,1036E+07  5,3744E+07
0000647   3,5501E+09  1,0377E+06  1,3682E+07
0000648   3,5501E+09 -1,4865E+07  1,2952E+07
0000649   3,5501E+09 -1,9668E+05 -6,4169E+06
0000650   3,5501E+09  4,0345E+06 -3,3995E+07
0000651   3,5501E+09 -1,0289E+07  2,1779E+07
0000652   3,5501E+09  2,1912E+07 -3,8153E+06
0000653   3,5501E+09 -7,5242E+06 -1,0348E+07
0000654   3,5501E+09 -2,8372E+07  2,9169E+06
0000655   3,5501E+09  2,4350E+07  1,1775E+07
0000656   3,5501E+09  1,1528E+07  1,9075E+07
0000657   3,5501E+09 -3,9785E+06 -1,1119E+06
0000658   3,5501E+09 -3,7943E+07 -3,8834E+07
0000659   3,5501E+09 -1,1016E+07 -1,1453E+07
0000660   3,5501E+09 -1,3998E+07 -3,9815E+07
0000661   3,5501E+09  1,0542E+07  2,8338E+07
0000662   3,5501E+09  1,1742E+07 -1,9399E+07
0000663   3,5501E+09 -9,4785E+06  4,0302E+07
0000664   3,5501E+09  7,9002E+06 -2,6723E+07
0000665   3,5501E+09  9,8849E+06  1,5984E+07
0000666   3,5501E+09 -3,9145E+07  1,6261E+07
0000667   3,5501E+09  1,4117E+07  3,5361E+07
0000668   3,5501E+09  7,7362E+05  2,2007E+07
0000669   3,5501E+09 -1,5618E+06 -3,4849E+07
0000670   3,5501E+09  3,0984E+07  8,3292E+06
0000671   3,5501E+09 -2,5944E+07 -4,4164E+06
0000672   3,5501E+09  6,0101E+06  1,9974E+07
0000673   3,5501E+09 -2,8863E+07 -2,1175E+07
0000674   3,5501E+09  3,5917E+06 -1,8751E+06
0000675   3,5501E+09 -6,1701E+06  1,6399E+07
0000676   3,5501E+09 -3,5581E+07  1,6762E+06
0000677   3,5501E+09 -2,3122E+07  3,9003E+07
0000678   3,5501E+09 -1,8843E+07 -2,8736E+07
0000679   3,5501E+09 -3,6107E+07  1,7890E+07
0000680   3,5501E+09  1,0229E+06  5,0135E+06
0000681   3,5501E+09 -8,5149E+06 -1,7811E+07
0000682   3,5501E+09  2,6943E+07  7,8262E+05
0000683   3,5501E+09 -6,2643E+05 -6,1414E+06
0000684   3,5501E+09 -5,7061E+06 -1,5968E+07
0000685   3,5501E+09  6,0346E+07 -2,6752E+07
0000686   3,5501E+09  1,4750E+07 -1,2351E+07
0000687   3,5501E+09  3,4891E+07  2,4409E+07
0000688   3,5501E+09 -1,7930E+07  2,3282E+06
0000689   3,5501E+09  3,6152E+07  3,0516E+06
0000690   3,5501E+09 -7,0964E+06 -2,5964E+07
0000691   3,5501E+09 -3,6802E+07  2,0329E+07
0000692   3,5501E+09  5,2458E+07  4,5776E+06
0000693   3,5501E+09 -8,4170E+06  2,2541E+07
0000694   3,5501E+09  3,7960E+06  1,8840E+07
0000695   3,5501E+09  2,9697E+06  1,4709E+07
0000696   3,5501E+09 -4,6752E+06 -9,8487E+05
0000697   3,5501E+09 -9,1317E+05 -2,3637E+07
0000698   3,5501E+09 -1,8953E+07 -2,6718E+06
0000699   3,5501E+09 -5,1977E+06 -1,7789E+06
0000700   3,5501E+09  3,0793E+06 -4,6750E+06
0000701   3,5501E+09 -3,5987E+07  1,3421E+07
0000702   3,5501E+09 -5,8081E+07  1,5361E+07
0000703   3,5501E+09  2,4568E+07 -3,6939E+07
0000704   3,5501E+09  3,9056E+07  2,4667E+07
0000705   3,5501E+09 -2,4735E+06 -1,8373E+07
0000706   3,5501E+09 -1,0498E+06  1,8024E+07
0000707   3,5501E+09 -5,6079E+06 -1,9861E+07
0000708   3,5501E+09 -1,0042E+07  3,7636E+07
0000709   3,5501E+09 -1,3061E+07  2,4209E+07
0000710   3,5501E+09 -1,2547E+07  1,5148E+07
0000711   3,5501E+09  7,8209E+06 -2,4040E+07
0000712   3,5501E+09  5,8122E+07 -4,7089E+07
0000713   3,5501E+09 -3,3795E+07  6,9011E+06
0000714   3,5501E+09  2,6144E+07  6,8526E+06
0000715   3,5501E+09 -1,9548E+07  1,1411E+07
0000716   3,5501E+09  9,2618E+05 -1,1801E+07
0000717   3,5501E+09 -6,6682E+06 -2,9396E+07
0000718   3,5501E+09 -2,8374E+07 -2,3239E+07
0000719   3,5501E+09  2,3477E+06  1,4012E+07
0000720   3,5501E+09 -1,3633E+07 -1,7148E+07
0000721   3,5501E+09 -1,0754E+07  3,1510E+07
0000722   3,5501E+09 -8,3328E+07 -1,9761E+07
0000723   3,5501E+09  1,9224E+07 -1,1906E+07
0000724   3,5501E+09  1,0757E+07  4,2527E+06
0000725   3,5501E+09 -3,4131E+06  4,2478E+07
0000726   3,5501E+09 -6,1179E+07  4,2288E+06
0000727   3,5501E+09  3,0379E+07  6,8598E+06
0000728   3,5501E+09  1,6555E+07  8,9798E+06
0000729   3,5501E+09  1,3015E+07  1,3996E+07
0000730   3,5501E+09  6,1037E+07  1,1488E+07
0000731   3,5501E+09 -1,1367E+07  4,4671E+07
0000732   3,5501E+09 -9,2133E+06  2,2480E+07
0000733   3,5501E+09  1,8152E+07  1,6872E+07
0000734   3,5501E+09  8,5008E+06  5,0468E+07
0000735   3,5501E+09 -1,2037E+07 -3,4217E+06
0000736   3,5501E+09 -2,7069E+07 -1,8671E+07
0000737   3,5501E+09 -7,7088E+06  2,6795E+07
0000738   3,5501E+09 -3,8440E+06 -3,6080E+07
0000739   3,5501E+09 -4,2139E+06  2,2485E+06
0000740   3,5501E+09 -2,2068E+07  2,8771E+07
0000741   3,5501E+09  3,5662E+07  5,6163E+07
0000742   3,5501E+09 -7,7300E+06 -1,9460E+07
0000743   3,5501E+09  1,2971E+07 -2,1790E+07
0000744   3,5501E+09  1,0754E+08  1,4020E+07
0000745   3,5501E+09  3,6957E+06  8,3906E+06
0000746   3,5501E+09 -1,5344E+07 -7,7046E+06
0000747   3,5501E+09 -1,1699E+07  2,3573E+07
0000748   3,5501E+09 -1,9016E+07 -2,7352E+06
0000749   3,5501E+09 -1,5949E+06  2,0947E+07
0000750   3,5501E+09  2,1654E+07 -3,2111E+07
0000751   3,5501E+09 -1,4728E+07  4,3850E+05
0000752   3,5501E+09 -2,4889E+07  7,1045E+06
0000753   3,5501E+09 -3,2275E+07 -2,4197E+07
0000754   3,5501E+09 -2,9658E+05 -9,2027E+06
0000755   3,5501E+09 -1,4621E+07 -3,2531E+06
0000756   3,5501E+09 -1,9518E+06  1,5779E+07
0000757   3,5501E+09  6,8400E+06 -2,0366E+07
0000758   3,5501E+09 -2,8950E+07  5,3678E+07
0000759   3,5501E+09 -2,1907E+06 -2,9920E+06
0000760   3,5501E+09 -3,7331E+07  2,6768E+07
0000761   3,5501E+09  1,4463E+07 -2,1696E+06
0000762   3,5501E+09 -3,7094E+04  3,0278E+07
0000763   3,5501E+09  8,8865E+06  2,0063E+07
0000764   3,5501E+09  3,1813E+07 -5,4640E+07
0000765   3,5501E+09  2,6693E+07  3,9157E+07
0000766   3,5501E+09  4,0136E+07 -1,1438E+05
0000767   3,5501E+09 -2,6683E+07 -1,0827E+07
0000768   3,5501E+09 -6,3930E+06  2,1714E+07
0000769   3,5501E+09 -2,6202E+07 -4,2401E+07
0000770   3,5501E+09  1,1480E+07  1,2153E+07
0000771   3,5501E+09 -1,4621E+07 -5,9466E+06
0000772   3,5501E+09 -1,4616E+07  1,6742E+06
0000773   3,5501E+09 -2,0720E+07 -7,1752E+06
0000774   3,5501E+09 -2,8397E+07  1,2230E+07
0000775   3,5501E+09  1,2400E+07  3,6432E+06
0000776   3,5501E+09 -4,8996E+06  6,6181E+06
0000777   3,5501E+09 -3,3428E+07 -1,3644E+07
0000778   3,5501E+09 -1,4457E+07  7,1543E+06
0000779   3,5501E+09  1,4483E+07  1,8264E+07
0000780   3,5501E+09  6,6739E+07 -7,1325E+06
0000781   3,5501E+09 -1,6529E+06 -1,5096E+07
0000782   3,5501E+09 -6,0327E+06  1,3812E+06
0000783   3,5501E+09  2,5406E+07  2,1067E+07
0000784   3,5501E+09  1,2689E+06  4,3386E+07
0000785   3,5501E+09 -4,1975E+07 -7,1058E+06
0000786   3,5501E+09 -1,5047E+07 -3,3981E+07
0000787   3,5501E+09  1,2682E+07 -1,7244E+07
0000788   3,5501E+09 -2,5314E+07 -5,5078E+05
0000789   3,5501E+09 -2,3214E+07  3,9990E+06
0000790   3,5501E+09 -3,1945E+07  1,6460E+07
0000791   3,5501E+09  6,3570E+05  1,5808E+07
0000792   3,5501E+09  1,7886E+07 -1,0948E+07
0000793   3,5501E+09 -1,2746E+07 -1,3210E+07
0000794   3,5501E+09  5,4624E+07 -3,1431E+07
0000795   3,5501E+09  4,3880E+07 -2,0026E+07
0000796   3,5501E+09  2,9004E+07 -1,1617E+07
0000797   3,5501E+09  2,7540E+07 -3,4699E+06
0000798   3,5501E+09  1,0941E+07 -1,3102E+07
0000799   3,5501E+09 -1,0874E+07 -2,6474E+06
0000800   3,5501E+09 -2,5082E+06  1,7368E+07
0000801   3,5501E+09 -9,2918E+06  4,4824E+06
0000802   3,5501E+09  1,8722E+06  3,2479E+06
0000803   3,5501E+09 -1,8482E+07  2,3550E+06
0000804   3,5501E+09 -1,2877E+07 -1,7095E+05
0000805   3,5501E+09  9,4678E+06 -7,0210E+06
0000806   3,5501E+09 -2,3321E+07 -6,3651E+05
0000807   3,5501E+09 -4,9983E+06 -7,9378E+06
0000808   3,5501E+09  3,5173E+07  7,9226E+06
0000809   3,5501E+09  2,1695E+07  9,3119E+06
0000810   3,5501E+09  4,6794E+05  5,8638E+06
0000811   3,5501E+09 -3,2169E+07  9,3898E+07
0000812   3,5501E+09  1,7684E+07 -5,2548E+07
0000813   3,5501E+09 -1,7685E+07  1,4653E+07
0000814   3,5501E+09  3,9340E+07 -1,0916E+07
0000815   3,5501E+09 -7,6798E+06 -3,1258E+07
0000816   3,5501E+09  8,0198E+06 -1,7454E+07
0000817   3,5501E+09  6,6183E+07  9,6171E+06
0000818   3,5501E+09 -4,1542E+06  6,3668E+06
0000819   3,5501E+09 -2,9373E+07  7,8891E+06
0000820   3,5501E+09  7,3042E+06  2,9144E+07
0000821   3,5501E+09 -1,9657E+07 -4,1245E+07
0000822   3,5501E+09  3,0861E+07 -1,1111E+07
0000823   3,5501E+09 -3,1225E+07  2,6561E+07
0000824   3,5501E+09 -4,2569E+06 -1,1070E+07
0000825   3,5501E+09  2,8038E+07 -5,9785E+06
0000826   3,5501E+09 -1,7877E+07 -2,2557E+07
0000827   3,5501E+09 -3,8987E+07 -5,0707E+06
0000828   3,5501E+09 -3,4516E+06 -6,5477E+07
0000829   3,5501E+09  6,0424E+07 -5,0361E+06
0000830   3,5501E+09 -9,3386E+06  3,7138E+07
0000831   3,5501E+09  9,6001E+06 -7,6638E+06
0000832   3,5501E+09  1,1853E+06  4,6266E+06
0000833   3,5501E+09  5,1017E+06  1,1564E+07
0000834   3,5501E+09 -2,1358E+07  5,7220E+05
0000835   3,5501E+09  4,5655E+06 -1,0703E+06
0000836   3,5501E+09 -1,9625E+07  1,7004E+06
0000837   3,5501E+09 -3,0430E+07 -1,6850E+04
0000838   3,5501E+09 -1,4203E+07  1,6616E+07
0000839   3,5501E+09  5,5735E+07 -4,5504E+07
0000840   3,5501E+09 -4,1806E+07 -1,6478E+07
0000841   3,5501E+09  7,0880E+06 -1,5325E+07
0000842   3,5501E+09 -1,7725E+07 -2,0414E+07
0000843   3,5501E+09  2,7692E+06 -1,3483E+07
0000844   3,5501E+09 -2,4317E+07 -2,2041E+07
0000845   3,5501E+09  2,7310E+07 -2,6676E+07
0000846   3,5501E+09 -9,2908E+06 -1,4518E+06
0000847   3,5501E+09  9,0333E+06 -1,3824E+07
0000848   3,5501E+09 -2,3227E+07 -4,7295E+06
0000849   3,5501E+09  4,8961E+06 -7,8408E+05
0000850   3,5501E+09  1,2030E+07 -3,6373E+07
0000851   3,5501E+09 -4,5746E+06  2,0706E+07
0000852   3,5501E+09  1,1447E+07 -4,4715E+06
0000853   3,5501E+09  4,9511E+07  2,4609E+07
0000854   3,5501E+09 -2,0525E+07 -2,9268E+07
0000855   3,5501E+09  2,9216E+07 -3,1753E+07
0000856   3,5501E+09 -3,2235E+07 -4,4726E+07
0000857   3,5501E+09  4,8261E+07  6,4725E+07
0000858   3,5501E+09 -4,8609E+06 -1,0553E+07
0000859   3,5501E+09 -1,1683E+07  3,3119E+06
0000860   3,5501E+09 -3,1111E+06  4,9582E+05
0000861   3,5501E+09  2,1299E+07 -1,5119E+07
0000862   3,5501E+09 -3,7853E+06  1,2896E+07
0000863   3,5501E+09  4,6625E+07 -5,7647E+07
0000864   3,5501E+09  7,7085E+06  3,6672E+07
0000865   3,5501E+09 -2,0216E+07  6,0691E+06
0000866   3,5501E+09 -5,7960E+07 -2,7712E+07
0000867   3,5501E+09 -4,0331E+07 -5,5196E+06
0000868   3,5501E+09 -2,1576E+07 -1,7330E+07
0000869   3,5501E+09 -7,1232E+06  6,9034E+07
0000870   3,5501E+09  1,2804E+07 -2,9189E+07
0000871   3,5501E+09 -6,7033E+06  1,7793E+07
0000872   3,5501E+09  2,7942E+07 -4,1225E+07
0000873   3,5501E+09  1,0894E+07 -2,7637E+07
0000874   3,5501E+09  4,8153E+06 -3,3546E+07
0000875   3,5501E+09  1,6318E+07  2,3876E+07
0000876   3,5501E+09  2,1970E+07  3,2164E+06
0000877   3,5501E+09  2,2155E+07 -5,1419E+06
0000878   3,5501E+09  1,8022E+07  1,3725E+07
0000879   3,5501E+09 -3,8288E+07 -6,4675E+06
0000880   3,5501E+09 -1,9712E+07  1,9839E+07
0000881   3,5501E+09  4,5025E+07  2,6116E+07
0000882   3,5501E+09  2,0135E+07 -1,1674E+07
0000883   3,5501E+09 -1,3119E+08  9,7660E+07
0000884   3,5501E+09  1,4716E+07  1,6200E+07
0000885   3,5501E+09 -3,2507E+07  4,8753E+06
0000886   3,5501E+09 -1,5374E+07  2,2420E+07
0000887   3,5501E+09  7,9868E+06  1,4521E+07
0000888   3,5501E+09 -2,7649E+07 -7,5357E+06
0000889   3,5501E+09 -3,2289E+07  1,2408E+07
0000890   3,5501E+09 -2,5643E+06  4,8607E+07
0000891   3,5501E+09 -1,0745E+07 -1,7789E+07
0000892   3,5501E+09  5,4881E+05 -9,2130E+05
0000893   3,5501E+09  3,9744E+07  1,0586E+07
0000894   3,5501E+09  2,6014E+07  1,9328E+07
0000895   3,5501E+09 -1,4216E+07 -2,8464E+06
0000896   3,5501E+09  3,0560E+07  2,8385E+07
0000897   3,5501E+09 -3,3267E+07  8,3859E+06
0000898   3,5501E+09 -1,9203E+07  9,2981E+05
0000899   3,5501E+09  1,6004E+06 -3,4715E+06
0000900   3,5501E+09  9,5756E+07 -8,5623E+07
0000901   3,5501E+09  5,1800E+06  3,3621E+06
0000902   3,5501E+09 -1,5587E+06  2,7975E+07
0000903   3,5501E+09 -1,4122E+07  7,5738E+06
0000904   3,5501E+09  5,4257E+07 -2,4157E+06
0000905   3,5501E+09 -8,4058E+07 -2,8554E+07
0000906   3,5501E+09  1,1904E+07 -2,4139E+07
0000907   3,5501E+09  3,9343E+07 -3,1725E+07
0000908   3,5501E+09 -2,6313E+07 -1,0294E+07
0000909   3,5501E+09 -1,0041E+07 -7,4784E+06
0000910   3,5501E+09  1,9199E+07 -1,4931E+07
0000911   3,5501E+09  2,1781E+07 -3,8927E+07
0000912   3,5501E+09 -5,8104E+06 -3,1591E+06
0000913   3,5501E+09  3,5154E+07  3,0310E+07
0000914   3,5501E+09  1,8676E+07  1,4136E+07
0000915   3,5501E+09  2,7025E+08 -9,0237E+06
0000916   3,5501E+09 -2,4594E+07  7,7098E+06
0000917   3,5501E+09 -3,0494E+07  1,2422E+07
0000918   3,5501E+09 -3,7306E+06  7,4120E+06
0000919   3,5501E+09  8,6785E+06 -2,1721E+07
0000920   3,5501E+09  9,4756E+06 -1,1671E+07
0000921   3,5501E+09  1,5348E+07  2,9494E+07
0000922   3,5501E+09 -6,0263E+06 -2,5381E+07
0000923   3,5501E+09  9,8495E+06 -3,5281E+07
0000924   3,5501E+09 -4,2064E+07  1,4319E+07
0000925   3,5501E+09 -6,1510E+07  5,4484E+06
0000926   3,5501E+09  2,1597E+07  1,9948E+07
0000927   3,5501E+09  1,2068E+07 -1,2472E+07
0000928   3,5501E+09 -3,9254E+06 -1,8149E+07
0000929   3,5501E+09  2,8544E+06 -2,1343E+07
0000930   3,5501E+09 -2,1650E+07  5,9940E+06
0000931   3,5501E+09 -2,3813E+07  2,9601E+07
0000932   3,5501E+09  7,4297E+06 -4,1841E+06
0000933   3,5501E+09  4,0262E+06 -3,1667E+06
0000934   3,5501E+09  1,6088E+07 -3,3905E+07
0000935   3,5501E+09  4,5174E+06 -2,8298E+07
0000936   3,5501E+09  1,9161E+07 -2,3191E+07
0000937   3,5501E+09 -4,4970E+07  9,4205E+06
0000938   3,5501E+09 -5,1635E+07  3,5303E+07
0000939   3,5501E+09 -4,1405E+06 -7,2949E+06
0000940   3,5501E+09  6,5084E+07  9,3853E+05
0000941   3,5501E+09  4,7671E+07 -3,7842E+07
0000942   3,5501E+09 -1,3922E+07  2,4246E+07
0000943   3,5501E+09  1,6620E+07 -2,0607E+07
0000944   3,5501E+09 -2,2458E+07  2,5047E+07
0000945   3,5501E+09 -9,5006E+06 -3,5154E+07
0000946   3,5501E+09  2,3929E+07 -2,0805E+07
0000947   3,5501E+09 -2,3894E+07  3,2686E+07
0000948   3,5501E+09  3,5295E+06  3,3721E+07
0000949   3,5501E+09 -8,4312E+06  6,7228E+06
0000950   3,5501E+09  3,5032E+07  1,6273E+07
0000951   3,5501E+09  2,2248E+07  3,1158E+07
0000952   3,5501E+09  2,3605E+07 -8,9012E+06
0000953   3,5501E+09 -1,8622E+07  2,5590E+07
0000954   3,5501E+09 -6,6217E+06 -1,0404E+07
0000955   3,5501E+09  1,1231E+07  2,2825E+07
0000956   3,5501E+09  4,9140E+06  7,3662E+07
0000957   3,5501E+09 -1,6831E+07  7,1444E+07
0000958   3,5501E+09 -4,1260E+07  3,1388E+07
0000959   3,5501E+09 -3,7606E+06  1,7188E+06
0000960   3,5501E+09  1,6311E+06 -1,0996E+07
0000961   3,5501E+09 -1,0675E+07 -9,3613E+05
0000962   3,5501E+09  4,7580E+06 -8,0913E+07
0000963   3,5501E+09 -4,4801E+07 -7,8758E+07
0000964   3,5501E+09 -6,3167E+06  1,0958E+07
0000965   3,5501E+09 -6,7759E+06 -6,0734E+06
0000966   3,5501E+09  1,1114E+07 -6,2346E+06
0000967   3,5501E+09  6,7412E+07 -2,7517E+07
0000968   3,5501E+09 -1,0550E+07 -4,7421E+06
0000969   3,5501E+09 -2,8608E+07 -6,6950E+06
0000970   3,5501E+09  1,4053E+07  5,0288E+06
0000971   3,5501E+09  3,1036E+07  2,7196E+07
0000972   3,5501E+09  6,8079E+05  4,1663E+05
0000973   3,5501E+09  2,8113E+07 -2,5441E+07
0000974   3,5501E+09  1,0153E+07  1,5275E+07
0000975   3,5501E+09 -2,3519E+07  1,9487E+07
0000976   3,5501E+09  9,9629E+06 -2,4151E+07
0000977   3,5501E+09 -7,9068E+07  1,8968E+07
0000978   3,5501E+09 -5,2274E+07 -2,4975E+07
0000979   3,5501E+09  7,3209E+06 -4,9859E+06
0000980   3,5501E+09 -3,3418E+06 -2,2006E+07
0000981   3,5501E+09  3,9346E+07 -2,0057E+07
0000982   3,5501E+09 -4,8662E+07  4,0265E+06
0000983   3,5501E+09  8,2594E+07  1,2056E+07
0000984   3,5501E+09 -2,5499E+07  2,6265E+06
0000985   3,5501E+09 -6,0985E+06 -3,3855E+06
0000986   3,5501E+09 -1,8749E+07  4,8944E+07
0000987   3,5501E+09 -1,1523E+07 -9,1602E+06
0000988   3,5501E+09  2,6255E+07 -1,1587E+07
0000989   3,5501E+09  2,5194E+07  2,5931E+07
0000990   3,5501E+09 -2,4662E+07  3,1256E+07
0000991   3,5501E+09  3,5599E+07  1,0279E+07
0000992   3,5501E+09 -6,3064E+06  6,4324E+07
0000993   3,5501E+09  1,5168E+07  1,8291E+07
0000994   3,5501E+09  2,1582E+07 -1,0213E+07
0000995   3,5501E+09 -2,0807E+07 -1,7148E+07
0000996   3,5501E+09  1,4786E+07  1,9263E+07
0000997   3,5501E+09 -1,1841E+07  1,3399E+07
0000998   3,5501E+09  1,5338E+06 -9,0798E+06
0000999   3,5501E+09  1,6484E+07 -1,0803E+07
0001000   3,5501E+09  1,7814E+07 -1,4974E+07
0001001   3,5501E+09  1,4453E+06  2,0862E+07
0001002   3,5501E+09  5,7302E+06  1,6252E+06
0001003   3,5501E+09 -2,0804E+07 -1,4059E+07
0001004   3,5501E+09  2,0172E+07 -5,4789E+06
0001005   3,5501E+09  2,8894E+07 -5,9060E+07
0001006   3,5501E+09 -2,6452E+05 -3,8851E+06
0001007   3,5501E+09  4,5279E+07 -2,3130E+07
0001008   3,5501E+09  6,9960E+06  1,1851E+06
0001009   3,5501E+09  1,8522E+07  1,6583E+07
0001010   3,5501E+09 -6,0700E+07  2,4003E+07
0001011   3,5501E+09  4,7938E+06 -3,2490E+07
0001012   3,5501E+09  2,1082E+07  3,4936E+07
0001013   3,5501E+09  2,9250E+07 -2,1734E+06
0001014   3,5501E+09  2,3374E+07 -7,0624E+06
0001015   3,5501E+09  2,8674E+07  7,2702E+06
0001016   3,5501E+09  1,9666E+05  8,9760E+06
0001017   3,5501E+09 -1,7411E+07  7,1022E+06
0001018   3,5501E+09  9,4214E+07  2,7036E+07
0001019   3,5501E+09  4,7949E+06  2,5726E+07
0001020   3,5501E+09 -2,4912E+07 -2,7167E+05
0001021   3,5501E+09 -1,5614E+07 -3,8798E+06
0001022   3,5501E+09 -3,7430E+07 -2,7818E+07
0001023   3,5501E+09 -2,3340E+06  1,1719E+06
0001024   3,5501E+09 -1,1329E+07 -3,2478E+07
0001025   3,5501E+09 -2,0249E+07  1,0490E+07
0001026   3,5501E+09 -1,2158E+07  1,9579E+06
0001027   3,5501E+09 -3,7682E+07  1,4242E+07
0001028   3,5501E+09 -1,7753E+07 -1,6683E+07
0001029   3,5501E+09 -2,8363E+07 -1,4184E+07
0001030   3,5501E+09  6,7830E+06 -2,3161E+07
0001031   3,5501E+09 -7,6279E+06  2,0910E+07
0001032   3,5501E+09  9,6530E+06  2,5005E+07
0001033   3,5501E+09 -1,1288E+07 -8,4627E+06
0001034   3,5501E+09  4,9676E+07  3,7566E+07
0001035   3,5501E+09  9,6740E+06  7,1608E+06
0001036   3,5501E+09 -1,8371E+07  1,3838E+07
0001037   3,5501E+09  1,6686E+07 -2,4311E+07
0001038   3,5501E+09  1,6390E+07  1,3759E+07
0001039   3,5501E+09  3,5223E+07  2,9557E+07
0001040   3,5501E+09  5,2236E+07 -1,7193E+07
0001041   3,5501E+09 -1,0422E+07 -2,9336E+07
0001042   3,5501E+09  1,8915E+07  2,9417E+06
0001043   3,5501E+09  1,5311E+07 -1,9239E+05
0001044   3,5501E+09  6,1964E+06 -1,4032E+07
0001045   3,5501E+09 -1,5845E+07 -1,1009E+07
0001046   3,5501E+09 -2,1691E+07 -1,7838E+07
0001047   3,5501E+09  1,9058E+06 -2,4527E+07
0001048   3,5501E+09 -2,4226E+07 -2,7855E+07
0001049   3,5501E+09  7,1908E+06  6,2896E+06
0001050   3,5501E+09  1,4700E+07 -1,3878E+07
0001051   3,5501E+09  3,1030E+06 -3,3862E+07
0001052   3,5501E+09  1,5738E+06  3,2650E+07
0001053   3,5501E+09  9,1915E+06 -1,7107E+07
0001054   3,5501E+09  6,3128E+06  7,7200E+06
0001055   3,5501E+09  3,2453E+07  3,0296E+07
0001056   3,5501E+09  2,1514E+07  1,7189E+07
0001057   3,5501E+09  2,1984E+07 -1,6680E+07
0001058   3,5501E+09 -5,4198E+07  2,0800E+07
0001059   3,5501E+09  2,1336E+07  2,1884E+08
0001060   3,5501E+09 -1,7465E+03  9,1327E+06
0001061   3,5501E+09 -4,2114E+07 -2,1772E+07
0001062   3,5501E+09 -4,8544E+07  3,3481E+07
0001063   3,5501E+09  2,9717E+07  1,1301E+07
0001064   3,5501E+09  4,1471E+07  3,9367E+07
0001065   3,5501E+09 -3,0674E+07  1,3888E+07
0001066   3,5501E+09  6,7046E+05  5,2622E+06
0001067   3,5501E+09 -1,2851E+07  3,6897E+07
0001068   3,5501E+09 -2,9653E+07 -2,9448E+07
0001069   3,5501E+09  2,2946E+07  6,9720E+06
0001070   3,5501E+09 -1,1215E+07 -8,7045E+06
0001071   3,5501E+09 -9,9995E+06  2,3407E+07
0001072   3,5501E+09  2,4885E+07  3,2099E+07
0001073   3,5501E+09 -1,6101E+07  1,1481E+07
0001074   3,5501E+09 -1,9281E+07 -1,1176E+07
0001075   3,5501E+09  4,5858E+06  2,0481E+07
0001076   3,5501E+09 -3,9722E+07  5,5721E+07
0001077   3,5501E+09 -3,1263E+07  6,4254E+07
0001078   3,5501E+09 -1,4033E+07  2,6430E+07
0001079   3,5501E+09  9,6952E+06 -1,7705E+07
0001080   3,5501E+09  1,3567E+04  1,3719E+07
0001081   3,5501E+09  1,1562E+07  5,8566E+06
0001082   3,5501E+09 -1,1923E+07  1,6990E+07
0001083   3,5501E+09  1,6985E+07 -2,8189E+07
0001084   3,5501E+09 -9,7917E+06  5,2728E+06
0001085   3,5501E+09 -3,8497E+07  4,0710E+07
0001086   3,5501E+09  3,3199E+07 -5,8563E+06
0001087   3,5501E+09 -6,1963E+06  2,9685E+06
0001088   3,5501E+09 -3,0036E+07 -3,8218E+07
0001089   3,5501E+09 -2,6612E+07 -4,5536E+07
0001090   3,5501E+09 -1,6289E+07  6,5497E+06
0001091   3,5501E+09  1,2798E+07  2,1276E+07
0001092   3,5501E+09  4,8667E+07  1,8889E+07
0001093   3,5501E+09 -1,2382E+07 -1,5698E+07
0001094   3,5501E+09 -1,1263E+07 -1,9097E+07
0001095   3,5501E+09  3,1974E+07 -4,8717E+06
0001096   3,5501E+09 -5,3749E+06 -1,5529E+07
0001097   3,5501E+09 -5,6548E+06  4,3211E+07
0001098   3,5501E+09  8,3493E+06  2,3190E+07
0001099   3,5501E+09  1,9586E+07  1,9181E+07
0001100   3,5501E+09 -2,4909E+07  7,9829E+06
0001101   3,5501E+09 -8,1452E+06 -1,6921E+07
0001102   3,5501E+09 -2,9055E+06  2,0075E+07
0001103   3,5501E+09  2,8198E+07  1,7977E+07
0001104   3,5501E+09  8,2431E+06  1,6787E+07
0001105   3,5501E+09 -7,4997E+06 -1,0098E+07
0001106   3,5501E+09 -2,0985E+07  2,0915E+07
0001107   3,5501E+09  4,5201E+06 -3,8253E+06
0001108   3,5501E+09 -2,2593E+07 -1,3583E+07
0001109   3,5501E+09  4,4362E+07 -1,0199E+07
0001110   3,5501E+09 -5,1451E+06  2,7181E+06
0001111   3,5501E+09  1,9405E+07 -1,0637E+07
0001112   3,5501E+09  2,7627E+07 -4,1583E+07
0001113   3,5501E+09  5,8338E+07  8,7287E+06
0001114   3,5501E+09  1,2972E+07 -3,6910E+07
0001115   3,5501E+09  1,2964E+07 -5,6751E+06
0001116   3,5501E+09  1,2378E+07  2,7166E+07
0001117   3,5501E+09 -1,0162E+07 -2,7597E+07
0001118   3,5501E+09 -2,4568E+07 -2,2767E+07
0001119   3,5501E+09 -1,7853E+07  2,0385E+07
0001120   3,5501E+09 -8,8245E+06 -7,5225E+06
0001121   3,5501E+09  5,5304E+07 -1,3024E+07
0001122   3,5501E+09  3,2114E+07 -3,2548E+06
0001123   3,5501E+09 -1,4187E+07  1,7943E+07
0001124   3,5501E+09  9,0679E+06 -2,0448E+07
0001125   3,5501E+09  1,7715E+07  2,1259E+07
0001126   3,5501E+09 -2,2671E+07  4,5411E+07
0001127   3,5501E+09  3,8567E+07 -1,1824E+07
0001128   3,5501E+09  8,4046E+06  4,5879E+06
0001129   3,5501E+09 -3,4766E+07 -2,7340E+07
0001130   3,5501E+09 -1,3821E+07  2,1121E+07
0001131   3,5501E+09 -5,4716E+06 -1,0612E+07
0001132   3,5501E+09 -3,2255E+07  2,0856E+07
0001133   3,5501E+09  4,5570E+07 -8,8939E+07
0001134   3,5501E+09 -1,4440E+07  6,8324E+06
0001135   3,5501E+09  4,2318E+07  1,6254E+07
0001136   3,5501E+09 -1,7567E+06  2,8285E+07
0001137   3,5501E+09 -1,8339E+07  1,6419E+07
0001138   3,5501E+09 -1,5442E+07 -1,7163E+07
0001139   3,5501E+09  4,3363E+07  1,8762E+07
0001140   3,5501E+09 -7,3379E+06  8,5545E+06
0001141   3,5501E+09 -1,1260E+07  9,6093E+06
0001142   3,5501E+09 -2,9307E+06  2,4606E+07
0001143   3,5501E+09  8,8548E+06 -1,4525E+07
0001144   3,5501E+09  1,0501E+08  9,7765E+07
0001145   3,5501E+09  9,9841E+06 -2,0239E+06
0001146   3,5501E+09 -5,9790E+07 -5,2977E+07
0001147   3,5501E+09  3,7855E+06  8,9004E+05
0001148   3,5501E+09  1,7268E+07  1,1063E+07
0001149   3,5501E+09 -2,5257E+07 -2,2074E+06
0001150   3,5501E+09  2,5163E+07  2,0351E+07
0001151   3,5501E+09  1,3114E+07 -2,9691E+07
0001152   3,5501E+09 -2,9205E+06 -4,5867E+06
0001153   3,5501E+09 -8,0219E+07 -3,0460E+07
0001154   3,5501E+09 -5,3239E+06 -6,9163E+06
0001155   3,5501E+09  5,0101E+06  2,1822E+07
0001156   3,5501E+09  8,9066E+06 -1,8220E+07
0001157   3,5501E+09  1,2174E+06 -2,0374E+07
0001158   3,5501E+09 -5,1195E+07  2,2231E+06
0001159   3,5501E+09 -2,3260E+07 -2,2266E+07
0001160   3,5501E+09  7,3454E+07  9,5432E+05
0001161   3,5501E+09  1,4584E+07 -5,1750E+06
0001162   3,5501E+09  1,6330E+07  1,5357E+07
0001163   3,5501E+09 -4,1520E+05  3,7241E+07
0001164   3,5501E+09  6,3676E+07 -1,8274E+07
0001165   3,5501E+09  3,4109E+06 -4,6320E+06
0001166   3,5501E+09 -4,0602E+07  3,4960E+07
0001167   3,5501E+09  6,3770E+07  3,9663E+07
0001168   3,5501E+09  1,4109E+07 -1,0374E+07
0001169   3,5501E+09 -1,1908E+07  1,4526E+06
0001170   3,5501E+09  8,1603E+06 -3,3014E+07
0001171   3,5501E+09 -1,2066E+07  4,0652E+07
0001172   3,5501E+09  1,1576E+07  4,2894E+07
0001173   3,5501E+09  2,2137E+06 -3,2794E+07
0001174   3,5501E+09  2,8426E+07  1,4306E+06
0001175   3,5501E+09 -6,1968E+07  1,1743E+07
0001176   3,5501E+09  2,0907E+07  5,3890E+06
0001177   3,5501E+09 -2,7389E+07 -3,1764E+07
0001178   3,5501E+09  1,5005E+07  1,4699E+06
0001179   3,5501E+09  9,1554E+06 -1,5392E+07
0001180   3,5501E+09 -1,3661E+07  3,5949E+07
0001181   3,5501E+09  2,5516E+06 -1,4495E+07
0001182   3,5501E+09 -1,9112E+07  1,3784E+07
0001183   3,5501E+09  8,6953E+06 -4,7921E+07
0001184   3,5501E+09  1,0758E+07  2,4738E+07
0001185   3,5501E+09  5,2306E+06 -5,0014E+06
0001186   3,5501E+09  2,4487E+07  5,6687E+06
0001187   3,5501E+09 -2,7344E+07 -4,1541E+04
0001188   3,5501E+09  4,6882E+07 -1,0451E+07
0001189   3,5501E+09 -1,2850E+07 -5,4335E+07
0001190   3,5501E+09  1,9333E+07  9,7556E+06
0001191   3,5501E+09 -2,5408E+07 -8,0896E+06
0001192   3,5501E+09  1,0039E+07  2,6589E+06
0001193   3,5501E+09  3,5351E+07  1,7522E+07
0001194   3,5501E+09 -2,0404E+07 -6,7134E+06
0001195   3,5501E+09 -1,8554E+07  6,4096E+06
0001196   3,5501E+09 -2,1830E+07 -5,7152E+06
0001197   3,5501E+09 -3,8878E+07 -1,1284E+07
0001198   3,5501E+09  3,1796E+07 -8,2070E+06
0001199   3,5501E+09 -3,2062E+07 -3,4737E+07
0001200   3,5501E+09  2,5749E+07 -1,1168E+07
0001201   3,5501E+09 -6,2195E+06 -1,0294E+07
0001202   3,5501E+09 -2,1176E+07  1,8251E+07
0001203   3,5501E+09 -1,6947E+06  2,8293E+06
0001204   3,5501E+09 -2,3496E+07  2,5528E+08
0001205   3,5501E+09  2,5906E+07  1,4999E+07
0001206   3,5501E+09  1,2621E+06  1,1446E+07
0001207   3,5501E+09  6,0242E+06  1,8229E+07
0001208   3,5501E+09  8,8040E+06 -1,6816E+07
0001209   3,5501E+09  1,5833E+07  7,2830E+06
0001210   3,5501E+09 -4,5314E+07  9,4317E+06
0001211   3,5501E+09 -1,4270E+07 -1,9961E+07
0001212   3,5501E+09  4,6795E+05 -4,1409E+06
0001213   3,5501E+09  8,3974E+06  2,1896E+07
0001214   3,5501E+09  1,9140E+06 -2,6069E+07
0001215   3,5501E+09  4,3650E+06 -5,4555E+06
0001216   3,5501E+09  3,8417E+07 -7,8983E+06
0001217   3,5501E+09 -3,7532E+07  2,5743E+06
0001218   3,5501E+09  2,1660E+07  4,1958E+07
0001219   3,5501E+09 -2,3890E+07 -1,0004E+07
0001220   3,5501E+09  5,2642E+07 -1,6584E+07
0001221   3,5501E+09  4,1333E+07 -3,0723E+07
0001222   3,5501E+09  1,8301E+07 -2,7978E+07
0001223   3,5501E+09 -4,8576E+06 -3,4726E+06
0001224   3,5501E+09 -5,2245E+07  4,5293E+07
0001225   3,5501E+09 -4,6117E+06  1,9896E+07
0001226   3,5501E+09  8,8292E+06  1,9206E+07
0001227   3,5501E+09 -1,6859E+07  8,1186E+06
0001228   3,5501E+09  1,7676E+07 -6,6310E+06
0001229   3,5501E+09 -2,4586E+07  8,2220E+07
0001230   3,5501E+09 -1,3576E+06 -1,0538E+07
0001231   3,5501E+09 -2,7261E+05 -1,9955E+07
0001232   3,5501E+09  2,8920E+06  9,8391E+06
0001233   3,5501E+09 -1,2451E+07  7,7899E+06
0001234   3,5501E+09  4,0487E+05 -2,2182E+06
0001235   3,5501E+09  1,7284E+07  2,4957E+07
0001236   3,5501E+09  3,6091E+07  1,6983E+06
0001237   3,5501E+09  1,2930E+08 -7,2821E+07
0001238   3,5501E+09  2,1997E+07 -7,0351E+06
0001239   3,5501E+09 -8,4157E+05  2,6618E+07
0001240   3,5501E+09  6,0240E+06  1,9987E+07
0001241   3,5501E+09 -2,2513E+07  2,6027E+06
0001242   3,5501E+09  7,5146E+06  1,4278E+07
0001243   3,5501E+09  1,6115E+06  3,6350E+07
0001244   3,5501E+09 -8,9017E+06  1,7095E+07
0001245   3,5501E+09 -1,2706E+07  1,2553E+07
0001246   3,5501E+09  8,3793E+06 -3,1913E+07
0001247   3,5501E+09  2,1402E+07  2,9778E+07
0001248   3,5501E+09 -1,5796E+07  1,0549E+07
0001249   3,5501E+09 -7,4972E+06 -3,6182E+07
0001250   3,5501E+09 -1,9436E+07  1,2839E+07
0001251   3,5501E+09  1,6087E+05  9,7581E+06
0001252   3,5501E+09  1,3672E+07 -1,1189E+07
0001253   3,5501E+09  1,7232E+07 -2,0548E+07
0001254   3,5501E+09  1,4437E+07  2,0768E+07
0001255   3,5501E+09  3,8569E+06  2,0783E+07
0001256   3,5501E+09  4,4224E+06 -1,4538E+07
0001257   3,5501E+09 -2,2820E+07 -3,1535E+07
0001258   3,5501E+09 -3,2205E+07 -1,1788E+07
0001259   3,5501E+09 -2,3205E+07  8,9804E+06
0001260   3,5501E+09 -1,9086E+07 -2,0944E+06
0001261   3,5501E+09 -3,1127E+07 -6,2700E+06
0001262   3,5501E+09 -1,7197E+07 -5,0281E+06
0001263   3,5501E+09  2,1801E+07 -5,1216E+06
0001264   3,5501E+09  5,0637E+06 -7,3542E+06
0001265   3,5501E+09 -2,1032E+07  2,1322E+07
0001266   3,5501E+09 -2,2251E+06  1,2602E+07
0001267   3,5501E+09 -7,2821E+06 -8,4799E+06
0001268   3,5501E+09 -1,0428E+07  1,3127E+07
0001269   3,5501E+09  6,6489E+07 -1,8210E+07
0001270   3,5501E+09 -3,4379E+06 -9,5145E+06
0001271   3,5501E+09  2,3755E+07  8,7951E+06
0001272   3,5501E+09  1,2699E+07  2,6166E+07
0001273   3,5501E+09 -1,8851E+07  1,9863E+07
0001274   3,5501E+09  6,7236E+05  7,2450E+06
0001275   3,5501E+09 -2,1683E+07  7,4787E+06
0001276   3,5501E+09  2,6671E+07 -1,4689E+07
0001277   3,5501E+09 -3,1495E+07 -6,9377E+06
0001278   3,5501E+09  2,3879E+06  1,1302E+07
0001279   3,5501E+09 -1,6724E+07 -1,1732E+07
0001280   3,5501E+09 -2,6168E+06  1,9614E+07
0001281   3,5501E+09 -1,5834E+07 -2,1409E+06
0001282   3,5501E+09 -3,2885E+07 -3,7740E+07
0001283   3,5501E+09 -1,4158E+07 -8,7592E+06
0001284   3,5501E+09 -9,0958E+06  3,0999E+07
0001285   3,5501E+09  4,8258E+06 -2,0094E+07
0001286   3,5501E+09  7,0180E+06 -1,2365E+07
0001287   3,5501E+09  1,8074E+07  1,0174E+07
0001288   3,5501E+09 -1,5801E+07  8,1579E+06
0001289   3,5501E+09 -2,3562E+07  1,1304E+07
0001290   3,5501E+09  6,4198E+06 -1,6546E+06
0001291   3,5501E+09 -3,5629E+06  2,5539E+07
0001292   3,5501E+09  2,0540E+06 -3,1096E+07
0001293   3,5501E+09 -1,0869E+07  2,1663E+07
0001294   3,5501E+09 -3,0419E+07  3,7185E+06
0001295   3,5501E+09 -8,0133E+07  1,7042E+07
0001296   3,5501E+09 -2,1214E+07  1,1405E+07
0001297   3,5501E+09 -1,9836E+07 -1,3139E+07
0001298   3,5501E+09  2,2887E+07 -2,6562E+06
0001299   3,5501E+09 -1,0240E+07  2,6567E+07
0001300   3,5501E+09  1,7588E+07  2,2337E+07
0001301   3,5501E+09  2,6531E+07  1,8776E+08
0001302   3,5501E+09 -1,0448E+07  7,0645E+07
0001303   3,5501E+09 -2,9246E+07  3,7746E+05
0001304   3,5501E+09 -4,5502E+07 -4,6825E+07
0001305   3,5501E+09  2,6124E+07  6,9868E+06
0001306   3,5501E+09  9,0041E+06 -1,1227E+06
0001307   3,5501E+09  5,2194E+06  2,8755E+07
0001308   3,5501E+09 -4,0666E+07 -7,8995E+06
0001309   3,5501E+09  1,2666E+07 -1,7194E+08
0001310   3,5501E+09  2,6171E+06  2,4878E+07
0001311   3,5501E+09  1,5124E+07  2,3667E+07
0001312   3,5501E+09 -1,3143E+08  9,7841E+07
0001313   3,5501E+09  5,6683E+06 -1,3648E+07
0001314   3,5501E+09  1,5736E+07 -2,5092E+07
0001315   3,5501E+09 -3,9922E+06  1,2056E+07
0001316   3,5501E+09 -1,5992E+07 -6,5588E+05
0001317   3,5501E+09  6,7430E+06  2,2971E+06
0001318   3,5501E+09 -3,1871E+06 -1,2646E+07
0001319   3,5501E+09  2,5165E+06 -2,7829E+07
0001320   3,5501E+09  2,9402E+07 -7,3173E+06
0001321   3,5501E+09  1,2223E+06  6,5228E+06
0001322   3,5501E+09 -2,0275E+07 -2,3760E+07
0001323   3,5501E+09  2,4281E+06 -7,9777E+06
0001324   3,5501E+09  3,4873E+06  2,3816E+07
0001325   3,5501E+09 -9,2521E+06  5,2474E+07
0001326   3,5501E+09  4,1340E+07 -2,4178E+06
0001327   3,5501E+09  2,3992E+07  9,2138E+06
0001328   3,5501E+09 -8,6805E+06 -9,4923E+06
0001329   3,5501E+09  4,9658E+07 -3,0086E+07
0001330   3,5501E+09 -4,1102E+07  2,4138E+07
0001331   3,5501E+09 -1,6142E+07 -5,0347E+07
0001332   3,5501E+09 -4,5754E+06 -6,4810E+06
0001333   3,5501E+09  1,0447E+07  4,0743E+07
0001334   3,5501E+09  4,3731E+06  1,9105E+06
0001335   3,5501E+09 -5,3589E+06  3,9851E+05
0001336   3,5501E+09 -1,8363E+07 -1,9262E+07
0001337   3,5501E+09 -2,5067E+07 -3,6705E+06
0001338   3,5501E+09 -1,1820E+07 -4,7988E+07
0001339   3,5501E+09  1,7970E+07  6,0251E+07
0001340   3,5501E+09  2,3375E+07  1,2292E+07
0001341   3,5501E+09  1,0067E+07  1,3686E+07
0001342   3,5501E+09 -6,4094E+06 -1,5566E+07
0001343   3,5501E+09  3,7634E+07 -3,4049E+07
0001344   3,5501E+09 -9,5695E+07 -2,0138E+08
0001345   3,5501E+09 -3,4617E+05 -1,3587E+06
0001346   3,5501E+09 -1,5485E+06 -3,3072E+06
0001347   3,5501E+09  3,5684E+07  8,8569E+05
0001348   3,5501E+09 -1,6736E+07  1,7497E+07
0001349   3,5501E+09 -6,6595E+06  9,3013E+05
0001350   3,5501E+09 -3,7728E+06  5,1621E+06
0001351   3,5501E+09 -5,3469E+07 -2,5952E+07
0001352   3,5501E+09  2,3074E+07 -3,4420E+07
0001353   3,5501E+09 -1,4016E+07  2,8692E+07
0001354   3,5501E+09  8,6632E+06  4,2189E+05
0001355   3,5501E+09  2,4299E+07 -6,1955E+06
0001356   3,5501E+09 -1,6217E+07  1,1830E+07
0001357   3,5501E+09 -1,4073E+07 -1,1450E+07
0001358   3,5501E+09 -3,9175E+07 -2,1554E+07
0001359   3,5501E+09 -1,9358E+07 -2,6709E+07
0001360   3,5501E+09  3,9983E+07  6,7568E+07
0001361   3,5501E+09 -1,1392E+07  2,0782E+07
0001362   3,5501E+09 -3,3549E+06  1,6252E+07
0001363   3,5501E+09  1,4805E+07 -1,1592E+07
0001364   3,5501E+09 -7,4740E+06 -1,8765E+07
0001365   3,5501E+09 -2,6804E+06  2,4896E+07
0001366   3,5501E+09 -2,3966E+07 -1,7739E+07
0001367   3,5501E+09  4,1964E+07 -1,6534E+07
0001368   3,5501E+09  2,0569E+07 -8,7841E+06
0001369   3,5501E+09 -2,9820E+07 -7,9983E+06
0001370   3,5501E+09  1,9202E+07  3,0329E+06
0001371   3,5501E+09 -2,5786E+07  3,5342E+07
0001372   3,5501E+09 -2,5382E+07 -3,8366E+06
0001373   3,5501E+09  1,0998E+07  6,8481E+06
0001374   3,5501E+09 -7,1493E+06  1,4929E+06
0001375   3,5501E+09  3,7585E+07  1,1261E+07
0001376   3,5501E+09  4,1325E+07  2,9333E+07
0001377   3,5501E+09 -2,6721E+05 -1,2839E+07
0001378   3,5501E+09 -2,7464E+07 -5,6667E+06
0001379   3,5501E+09 -4,6648E+06  3,2897E+07
0001380   3,5501E+09  5,6107E+06  7,4314E+07
0001381   3,5501E+09 -3,5271E+06  1,4721E+07
0001382   3,5501E+09 -3,7972E+07 -3,1852E+07
0001383   3,5501E+09  3,2468E+07  2,0239E+07
0001384   3,5501E+09  2,6667E+07  1,4693E+07
0001385   3,5501E+09  1,2387E+07 -5,6957E+06
0001386   3,5501E+09 -5,9377E+06 -2,2138E+07
0001387   3,5501E+09  2,1392E+07  3,8677E+06
0001388   3,5501E+09  9,5422E+06 -1,1152E+07
0001389   3,5501E+09  2,2445E+07 -2,5491E+07
0001390   3,5501E+09  7,9708E+06  8,4168E+06
0001391   3,5501E+09 -1,0901E+07 -3,6748E+07
0001392   3,5501E+09 -9,6607E+06 -1,0294E+07
0001393   3,5501E+09 -2,4344E+07  6,3290E+07
0001394   3,5501E+09 -1,1523E+07 -3,4400E+06
0001395   3,5501E+09  9,3033E+06 -6,2433E+07
0001396   3,5501E+09 -2,2131E+07  4,6125E+07
0001397   3,5501E+09 -1,7817E+07  1,4177E+05
0001398   3,5501E+09 -4,2480E+04  4,1454E+06
0001399   3,5501E+09  8,9368E+06  2,0569E+07
0001400   3,5501E+09  2,5296E+07 -6,1382E+06
0001401   3,5501E+09  1,0094E+07 -3,0933E+06