0000001 3.5501E+09 2.6126E+07 3.2371E+07
0000002 3.5501E+09 6.5769E+06 -1.5302E+07
0000003 3.5501E+09 -2.7644E+07 1.3327E+06
0000004 3.5501E+09 2.5160E+07 1.6837E+06
0000005 3.5501E+09 3.4265E+07 -2.6951E+07
0000006 3.5501E+09 -2.5256E+07 -5.4590E+06
0000007 3.5501E+09 -1.8561E+07 -5.4104E+06
0000008 3.5501E+09 1.5190E+07 -5.9086E+06
0000009 3.5501E+09 -2.4597E+07 -5.2739E+06
0000010 3.5501E+09 -2.2036E+07 8.4544E+06
0000011 3.5501E+09 -5.6545E+06 -2.2448E+07
0000012 3.5501E+09 3.4490E+07 6.2248E+06
0000013 3.5501E+09 4.2823E+05 2.5025E+07
0000014 3.5501E+09 -3.5331E+07 7.9328E+06
0000015 3.5501E+09 -2.8310E+06 6.9002E+06
0000016 3.5501E+09 -1.1668E+07 -7.8446E+06
0000017 3.5501E+09 -8.2322E+07 2.8232E+07
0000018 3.5501E+09 -3.0730E+07 -2.4433E+07
0000019 3.5501E+09 -2.5558E+07 -4.5575E+07
0000020 3.5501E+09 -5.0079E+06 9.7586E+06
0000021 3.5501E+09 2.2230E+07 -9.4865E+06
0000022 3.5501E+09 -5.1729E+06 5.5849E+07
0000023 3.5501E+09 -1.6394E+07 -1.7300E+07
0000024 3.5501E+09 4.0054E+07 1.8144E+07
0000025 3.5501E+09 7.5172E+06 5.0991E+06
0000026 3.5501E+09 1.3485E+07 -2.1773E+06
0000027 3.5501E+09 -3.7317E+06 5.4674E+07
0000028 3.5501E+09 -1.2592E+07 1.0064E+07
0000029 3.5501E+09 4.1583E+07 4.4455E+06
0000030 3.5501E+09 4.6221E+06 -5.6980E+06
0000031 3.5501E+09 1.1347E+07 -2.6069E+07
0000032 3.5501E+09 -9.2881E+06 -1.0436E+07
0000033 3.5501E+09 3.8987E+07 3.6396E+06
0000034 3.5501E+09 -2.0626E+07 -1.4830E+07
0000035 3.5501E+09 -9.8916E+05 1.6346E+07
0000036 3.5501E+09 3.3592E+07 8.3806E+06
0000037 3.5501E+09 -1.5066E+06 5.5000E+06
0000038 3.5501E+09 -8.8207E+06 4.2056E+07
0000039 3.5501E+09 -1.8367E+07 3.4750E+06
0000040 3.5501E+09 -2.9339E+07 1.4295E+07
0000041 3.5501E+09 -1.1925E+07 4.9432E+06
0000042 3.5501E+09 1.0571E+07 2.2210E+06
0000043 3.5501E+09 2.5318E+07 1.1086E+07
0000044 3.5501E+09 -1.1606E+07 -4.2719E+07
0000045 3.5501E+09 3.0930E+07 -4.4608E+06
0000046 3.5501E+09 -1.2602E+07 -3.3225E+07
0000047 3.5501E+09 -6.9170E+07 -1.7995E+07
0000048 3.5501E+09 -1.7187E+07 -2.4844E+07
0000049 3.5501E+09 -9.6040E+06 -3.9645E+07
0000050 3.5501E+09 -2.8813E+07 -1.1463E+07
0000051 3.5501E+09 -2.8483E+07 8.9670E+06
0000052 3.5501E+09 4.6203E+06 -3.3441E+07
0000053 3.5501E+09 -9.0231E+06 -2.8841E+07
0000054 3.5501E+09 -4.2389E+07 6.1064E+06
0000055 3.5501E+09 1.1185E+07 -1.7332E+07
0000056 3.5501E+09 -2.7506E+07 1.9943E+07
0000057 3.5501E+09 5.1256E+07 2.9499E+07
0000058 3.5501E+09 -1.1824E+07 2.1903E+07
0000059 3.5501E+09 7.8432E+07 4.2780E+06
0000060 3.5501E+09 4.1275E+07 -2.5938E+07
0000061 3.5501E+09 3.9525E+07 4.1098E+07
0000062 3.5501E+09 3.9553E+06 -6.3558E+06
0000063 3.5501E+09 -8.5974E+06 2.4822E+07
0000064 3.5501E+09 -4.6587E+06 -3.6689E+07
0000065 3.5501E+09 -2.0138E+05 -1.2599E+07
0000066 3.5501E+09 7.9295E+06 1.9185E+07
0000067 3.5501E+09 7.5290E+06 1.0577E+07
0000068 3.5501E+09 1.7035E+07 -1.5924E+07
0000069 3.5501E+09 4.7178E+06 1.8090E+06
0000070 3.5501E+09 1.9335E+07 6.7467E+05
0000071 3.5501E+09 4.5240E+07 4.0364E+07
0000072 3.5501E+09 8.2412E+06 -6.8152E+06
0000073 3.5501E+09 5.9811E+06 2.6377E+05
0000074 3.5501E+09 9.6768E+06 -2.3706E+07
0000075 3.5501E+09 -1.7527E+07 -5.1885E+06
0000076 3.5501E+09 4.0838E+07 -5.0152E+06
0000077 3.5501E+09 -9.5498E+06 -3.5292E+07
0000078 3.5501E+09 -1.5629E+07 5.6765E+06
0000079 3.5501E+09 4.2063E+07 -3.1178E+07
0000080 3.5501E+09 -1.2393E+07 5.9834E+07
0000081 3.5501E+09 2.1340E+07 -2.1295E+07
0000082 3.5501E+09 1.9293E+07 -1.6678E+06
0000083 3.5501E+09 -4.5490E+07 -1.0549E+07
0000084 3.5501E+09 -2.3525E+07 2.4275E+07
0000085 3.5501E+09 -2.4752E+07 5.9189E+06
0000086 3.5501E+09 3.5950E+07 1.6658E+07
0000087 3.5501E+09 -5.8689E+06 -4.0943E+06
0000088 3.5501E+09 -7.9758E+06 1.6921E+06
0000089 3.5501E+09 1.5247E+06 -6.1253E+06
0000090 3.5501E+09 2.2111E+07 -2.8548E+07
0000091 3.5501E+09 5.5285E+06 -3.0123E+07
0000092 3.5501E+09 -4.8817E+06 3.4824E+06
0000093 3.5501E+09 -6.9072E+06 2.1380E+03
0000094 3.5501E+09 1.0569E+07 -1.5268E+07
0000095 3.5501E+09 1.3827E+07 1.8456E+07
0000096 3.5501E+09 -1.9936E+07 2.2374E+07
0000097 3.5501E+09 2.3258E+06 3.3073E+06
0000098 3.5501E+09 1.9243E+07 -6.0048E+06
0000099 3.5501E+09 -3.3202E+06 9.4714E+06
0000100 3.5501E+09 -1.5218E+07 -5.2990E+07
0000101 3.5501E+09 1.2964E+07 -1.1826E+07
0000102 3.5501E+09 -1.0124E+07 -1.5723E+07
0000103 3.5501E+09 4.8850E+07 1.5055E+07
0000104 3.5501E+09 -4.5481E+06 4.8036E+05
0000105 3.5501E+09 1.6011E+05 1.2435E+06
0000106 3.5501E+09 1.6202E+05 -9.8759E+06
0000107 3.5501E+09 -1.7638E+07 5.1229E+06
0000108 3.5501E+09 2.9621E+07 -4.9263E+06
0000109 3.5501E+09 2.4669E+07 1.6461E+07
0000110 3.5501E+09 -1.1794E+07 7.4632E+06
0000111 3.5501E+09 -3.5224E+07 4.6062E+06
0000112 3.5501E+09 -6.6538E+07 -2.3103E+07
0000113 3.5501E+09 5.9673E+06 1.7875E+07
0000114 3.5501E+09 1.2245E+07 -9.4579E+06
0000115 3.5501E+09 -1.7543E+07 1.0963E+07
0000116 3.5501E+09 3.1293E+07 6.8321E+06
0000117 3.5501E+09 1.0334E+07 -3.8419E+07
0000118 3.5501E+09 1.1730E+07 4.6472E+07
0000119 3.5501E+09 2.0114E+07 2.3854E+07
0000120 3.5501E+09 8.7394E+06 -2.0471E+07
0000121 3.5501E+09 -3.1591E+06 -4.2459E+07
0000122 3.5501E+09 -3.0418E+07 2.5106E+06
0000123 3.5501E+09 -9.6092E+06 -1.9220E+07
0000124 3.5501E+09 -2.1812E+07 6.3698E+07
0000125 3.5501E+09 5.7104E+06 1.7577E+07
0000126 3.5501E+09 5.0668E+06 1.6634E+07
0000127 3.5501E+09 -1.1906E+06 5.7299E+06
0000128 3.5501E+09 -1.4809E+07 1.7096E+07
0000129 3.5501E+09 -4.7294E+07 -7.5672E+06
0000130 3.5501E+09 -5.9000E+06 4.3556E+07
0000131 3.5501E+09 3.0832E+06 -5.5299E+07
0000132 3.5501E+09 4.2314E+06 -7.9629E+05
0000133 3.5501E+09 1.4456E+07 -3.7886E+06
0000134 3.5501E+09 1.4726E+07 7.5385E+07
0000135 3.5501E+09 -1.5543E+06 3.8564E+07
0000136 3.5501E+09 -3.3987E+06 1.6072E+07
0000137 3.5501E+09 2.5451E+07 -1.3178E+07
0000138 3.5501E+09 -1.7859E+06 2.6040E+07
0000139 3.5501E+09 -6.3209E+05 3.9034E+06
0000140 3.5501E+09 -1.0097E+07 -2.2300E+07
0000141 3.5501E+09 -9.1915E+06 -7.4238E+06
0000142 3.5501E+09 -2.0094E+07 1.7546E+07
0000143 3.5501E+09 9.3613E+04 -2.9708E+06
0000144 3.5501E+09 1.2418E+07 3.6398E+07
0000145 3.5501E+09 1.1000E+07 2.4554E+07
0000146 3.5501E+09 -1.5868E+07 -1.1223E+07
0000147 3.5501E+09 -1.2777E+07 1.9353E+07
0000148 3.5501E+09 5.3867E+06 3.0512E+06
0000149 3.5501E+09 2.0169E+06 -1.8076E+07
0000150 3.5501E+09 -2.2781E+07 3.1993E+06
0000151 3.5501E+09 6.5943E+07 -2.0677E+07
0000152 3.5501E+09 2.8683E+06 -1.1163E+07
0000153 3.5501E+09 -3.6019E+07 -1.5065E+06
0000154 3.5501E+09 8.3900E+04 -1.7227E+07
0000155 3.5501E+09 2.9607E+07 2.3315E+07
0000156 3.5501E+09 -1.1348E+07 3.7211E+07
0000157 3.5501E+09 4.9035E+06 -5.5662E+06
0000158 3.5501E+09 3.3518E+07 3.3871E+06
0000159 3.5501E+09 2.2574E+07 3.6019E+07
0000160 3.5501E+09 1.2230E+06 -2.0313E+06
0000161 3.5501E+09 -2.3678E+07 3.7028E+07
0000162 3.5501E+09 -4.4411E+07 -9.8075E+07
0000163 3.5501E+09 3.0352E+06 2.4881E+07
0000164 3.5501E+09 -1.1145E+07 2.4175E+07
0000165 3.5501E+09 1.4205E+07 -2.0196E+07
0000166 3.5501E+09 4.1168E+06 -1.3485E+07
0000167 3.5501E+09 1.9525E+07 -1.2996E+07
0000168 3.5501E+09 -2.2770E+07 1.1725E+07
0000169 3.5501E+09 4.6292E+07 -2.4135E+07
0000170 3.5501E+09 3.8781E+07 -3.8553E+07
0000171 3.5501E+09 3.4856E+07 -3.6795E+07
0000172 3.5501E+09 -1.7010E+07 -2.4436E+07
0000173 3.5501E+09 3.3029E+07 1.1323E+07
0000174 3.5501E+09 3.4273E+07 2.0239E+07
0000175 3.5501E+09 -8.3953E+05 3.8935E+06
0000176 3.5501E+09 -1.6759E+07 -1.4282E+07
0000177 3.5501E+09 -8.4362E+06 3.3390E+06
0000178 3.5501E+09 -3.9079E+07 -3.5899E+07
0000179 3.5501E+09 4.4015E+06 3.5957E+06
0000180 3.5501E+09 -7.4827E+06 -2.9419E+06
0000181 3.5501E+09 -1.9669E+07 8.4515E+06
0000182 3.5501E+09 -2.6070E+07 -9.9876E+06
0000183 3.5501E+09 -5.7271E+07 -7.6848E+06
0000184 3.5501E+09 6.0049E+06 -2.9590E+07
0000185 3.5501E+09 -3.1753E+06 -1.3976E+07
0000186 3.5501E+09 7.2309E+06 1.6169E+07
0000187 3.5501E+09 -2.3174E+06 8.9456E+06
0000188 3.5501E+09 1.8487E+07 -6.7445E+06
0000189 3.5501E+09 1.3684E+07 -2.1637E+07
0000190 3.5501E+09 3.1048E+07 -1.7098E+07
0000191 3.5501E+09 3.2673E+07 1.9835E+07
0000192 3.5501E+09 -3.4071E+07 -1.1900E+07
0000193 3.5501E+09 -3.6482E+07 8.0718E+06
0000194 3.5501E+09 -3.4338E+07 4.7551E+07
0000195 3.5501E+09 -8.8274E+06 1.1616E+07
0000196 3.5501E+09 -1.7348E+07 2.8006E+07
0000197 3.5501E+09 1.3075E+07 1.9517E+07
0000198 3.5501E+09 8.1137E+05 -1.7842E+06
0000199 3.5501E+09 1.2389E+07 2.3267E+07
0000200 3.5501E+09 -1.1254E+07 2.2447E+07
0000201 3.5501E+09 3.2820E+07 -1.6153E+07
0000202 3.5501E+09 -1.2862E+07 -5.1234E+06
0000203 3.5501E+09 -5.6628E+07 -7.5846E+07
0000204 3.5501E+09 4.9012E+06 6.8453E+06
0000205 3.5501E+09 3.2144E+07 2.7983E+07
0000206 3.5501E+09 -1.7211E+07 -8.3945E+06
0000207 3.5501E+09 -3.3178E+07 -1.7107E+07
0000208 3.5501E+09 -2.5464E+06 -1.1313E+07
0000209 3.5501E+09 6.7883E+06 3.8971E+07
0000210 3.5501E+09 2.9667E+07 -6.6156E+06
0000211 3.5501E+09 1.3080E+07 -1.0796E+07
0000212 3.5501E+09 -4.7097E+06 1.8203E+07
0000213 3.5501E+09 2.3826E+07 -2.7529E+06
0000214 3.5501E+09 -4.0722E+05 -1.5744E+07
0000215 3.5501E+09 2.8310E+07 -1.3430E+07
0000216 3.5501E+09 1.2830E+07 3.5635E+07
0000217 3.5501E+09 3.1292E+07 -1.2533E+07
0000218 3.5501E+09 8.4510E+06 -4.6338E+07
0000219 3.5501E+09 -6.4245E+06 1.6147E+07
0000220 3.5501E+09 -3.5706E+05 2.4372E+07
0000221 3.5501E+09 -1.2167E+07 -2.0063E+06
0000222 3.5501E+09 2.4530E+07 -7.9371E+06
0000223 3.5501E+09 1.7821E+07 -3.0976E+07
0000224 3.5501E+09 -1.6624E+07 -1.2595E+07
0000225 3.5501E+09 -4.4895E+07 9.0310E+06
0000226 3.5501E+09 -1.5172E+07 3.9634E+06
0000227 3.5501E+09 -1.9073E+07 -1.0060E+05
0000228 3.5501E+09 -9.0704E+06 -4.3848E+06
0000229 3.5501E+09 -3.9926E+07 -5.9714E+06
0000230 3.5501E+09 -1.6167E+07 -2.7288E+05
0000231 3.5501E+09 1.4012E+07 -1.7828E+07
0000232 3.5501E+09 3.3621E+06 5.6110E+06
0000233 3.5501E+09 1.4147E+07 1.8291E+07
0000234 3.5501E+09 1.1250E+07 -1.3787E+07
0000235 3.5501E+09 -5.0761E+06 3.6411E+06
0000236 3.5501E+09 -4.0873E+07 2.1828E+07
0000237 3.5501E+09 8.1980E+06 7.2559E+05
0000238 3.5501E+09 2.8081E+07 -1.8964E+06
0000239 3.5501E+09 -2.4002E+05 6.2510E+06
0000240 3.5501E+09 -6.0591E+06 -1.6970E+07
0000241 3.5501E+09 -6.5181E+06 -2.6059E+07
0000242 3.5501E+09 -1.8374E+08 1.0897E+08
0000243 3.5501E+09 -2.2059E+07 5.4802E+07
0000244 3.5501E+09 1.6786E+07 5.5519E+06
0000245 3.5501E+09 1.7114E+07 1.7519E+07
0000246 3.5501E+09 -1.9913E+07 9.9092E+06
0000247 3.5501E+09 4.9182E+07 -8.8933E+07
0000248 3.5501E+09 1.1317E+07 -4.2136E+06
0000249 3.5501E+09 -2.2916E+06 -5.4855E+06
0000250 3.5501E+09 -9.6387E+06 -9.6736E+06
0000251 3.5501E+09 -1.0725E+08 -1.8574E+08
0000252 3.5501E+09 6.2832E+06 1.4061E+06
0000253 3.5501E+09 -2.7737E+07 -8.0281E+06
0000254 3.5501E+09 -1.2162E+07 9.2922E+06
0000255 3.5501E+09 -2.2048E+07 1.0008E+07
0000256 3.5501E+09 -2.2113E+07 -1.0689E+07
0000257 3.5501E+09 3.4792E+07 2.4698E+07
0000258 3.5501E+09 1.2508E+07 -1.1858E+07
0000259 3.5501E+09 1.7888E+07 -2.0863E+07
0000260 3.5501E+09 5.7080E+06 6.4966E+06
0000261 3.5501E+09 1.1729E+07 2.9077E+07
0000262 3.5501E+09 4.7675E+05 2.2403E+07
0000263 3.5501E+09 1.2510E+07 1.0870E+07
0000264 3.5501E+09 -5.0095E+06 3.9382E+06
0000265 3.5501E+09 -2.0328E+07 -3.4463E+07
0000266 3.5501E+09 -1.2898E+07 3.9849E+07
0000267 3.5501E+09 2.5048E+07 3.8598E+07
0000268 3.5501E+09 5.9498E+06 -3.0997E+07
0000269 3.5501E+09 2.0348E+07 -1.5711E+07
0000270 3.5501E+09 1.5716E+07 4.4412E+07
0000271 3.5501E+09 -1.8675E+07 1.2588E+07
0000272 3.5501E+09 -1.0426E+07 -8.5519E+06
0000273 3.5501E+09 2.5112E+06 -3.7629E+06
0000274 3.5501E+09 -1.1555E+07 -7.1586E+06
0000275 3.5501E+09 2.6879E+07 -8.6404E+06
0000276 3.5501E+09 1.9957E+07 2.8993E+06
0000277 3.5501E+09 1.0804E+07 -4.0265E+06
0000278 3.5501E+09 -1.7037E+07 -1.0525E+07
0000279 3.5501E+09 -7.4413E+06 1.4789E+07
0000280 3.5501E+09 2.8399E+07 3.8745E+07
0000281 3.5501E+09 1.0337E+07 -2.6329E+07
0000282 3.5501E+09 2.8438E+07 3.2716E+06
0000283 3.5501E+09 -5.4287E+06 5.6854E+06
0000284 3.5501E+09 4.6178E+06 1.9858E+07
0000285 3.5501E+09 3.5868E+07 9.5170E+05
0000286 3.5501E+09 4.8097E+06 -8.3199E+06
0000287 3.5501E+09 6.5063E+06 -1.2613E+07
0000288 3.5501E+09 3.1451E+07 1.7657E+07
0000289 3.5501E+09 -1.1473E+07 9.9476E+06
0000290 3.5501E+09 1.6179E+07 1.1370E+07
0000291 3.5501E+09 1.5636E+07 -2.1967E+07
0000292 3.5501E+09 5.5360E+08 1.1053E+08
0000293 3.5501E+09 1.0396E+07 7.5082E+06
0000294 3.5501E+09 1.6914E+07 9.6960E+06
0000295 3.5501E+09 -7.9075E+06 1.2048E+07
0000296 3.5501E+09 -4.7615E+06 2.0705E+07
0000297 3.5501E+09 1.6624E+07 1.3562E+07
0000298 3.5501E+09 -1.7174E+07 2.7000E+07
0000299 3.5501E+09 -1.1337E+07 1.0262E+07
0000300 3.5501E+09 -6.5522E+06 2.2017E+07
0000301 3.5501E+09 -2.3637E+07 5.4737E+06
0000302 3.5501E+09 6.4504E+06 1.3676E+07
0000303 3.5501E+09 -2.0098E+07 1.5105E+07
0000304 3.5501E+09 2.2306E+07 -1.8237E+07
0000305 3.5501E+09 1.9842E+06 -1.2331E+07
0000306 3.5501E+09 3.1044E+07 5.8603E+06
0000307 3.5501E+09 5.6710E+06 5.8955E+06
0000308 3.5501E+09 -3.9060E+07 -1.0973E+08
0000309 3.5501E+09 8.8139E+06 1.9845E+07
0000310 3.5501E+09 4.9686E+07 -1.7010E+07
0000311 3.5501E+09 -1.0478E+07 1.9599E+07
0000312 3.5501E+09 3.8093E+07 -7.5417E+06
0000313 3.5501E+09 6.1416E+06 -2.0971E+07
0000314 3.5501E+09 3.1736E+06 -4.5194E+07
0000315 3.5501E+09 -6.5536E+07 5.2446E+07
0000316 3.5501E+09 -1.0813E+08 -2.6029E+07
0000317 3.5501E+09 -2.6114E+07 -1.7159E+07
0000318 3.5501E+09 6.4097E+06 -1.3917E+07
0000319 3.5501E+09 -2.7984E+07 1.0734E+07
0000320 3.5501E+09 -1.7473E+07 9.4075E+06
0000321 3.5501E+09 -1.2793E+07 9.5513E+06
0000322 3.5501E+09 3.9314E+07 -5.2620E+06
0000323 3.5501E+09 -3.1085E+06 2.3467E+07
0000324 3.5501E+09 7.7183E+05 -4.1459E+06
0000325 3.5501E+09 -2.1905E+07 -1.6295E+07
0000326 3.5501E+09 -7.7745E+06 1.5981E+07
0000327 3.5501E+09 -2.3549E+07 -2.8074E+07
0000328 3.5501E+09 -1.1253E+07 -2.5844E+07
0000329 3.5501E+09 -9.5845E+07 -5.3060E+07
0000330 3.5501E+09 -4.0654E+06 -4.2209E+07
0000331 3.5501E+09 2.0689E+05 -1.0730E+07
0000332 3.5501E+09 -7.5119E+06 1.2232E+07
0000333 3.5501E+09 8.1779E+07 -1.3973E+05
0000334 3.5501E+09 -1.8181E+07 1.3543E+07
0000335 3.5501E+09 -3.7646E+07 1.8717E+07
0000336 3.5501E+09 2.4995E+07 8.8161E+06
0000337 3.5501E+09 2.9386E+07 5.5643E+07
0000338 3.5501E+09 1.8055E+07 1.4332E+07
0000339 3.5501E+09 -3.8340E+06 -5.1107E+07
0000340 3.5501E+09 -2.5009E+07 3.0032E+07
0000341 3.5501E+09 1.5069E+07 7.4118E+06
0000342 3.5501E+09 -3.9583E+07 1.3406E+07
0000343 3.5501E+09 -7.3184E+06 4.6044E+05
0000344 3.5501E+09 1.7325E+07 -2.0470E+07
0000345 3.5501E+09 -1.4526E+07 -2.5707E+07
0000346 3.5501E+09 -2.0252E+07 -1.4996E+05
0000347 3.5501E+09 -3.4712E+07 -6.0654E+07
0000348 3.5501E+09 6.9666E+06 2.4468E+07
0000349 3.5501E+09 -3.2049E+07 8.1385E+06
0000350 3.5501E+09 -2.3565E+07 5.2580E+07
0000351 3.5501E+09 3.7757E+06 -2.0758E+07
0000352 3.5501E+09 -2.8413E+07 1.7797E+06
0000353 3.5501E+09 4.7366E+07 1.0307E+07
0000354 3.5501E+09 2.3596E+06 -2.8713E+07
0000355 3.5501E+09 -8.8208E+06 8.5239E+06
0000356 3.5501E+09 5.0934E+07 -4.3620E+06
0000357 3.5501E+09 -8.8313E+05 8.4766E+06
0000358 3.5501E+09 -6.4509E+05 1.0045E+06
0000359 3.5501E+09 2.6292E+07 -1.4147E+07
0000360 3.5501E+09 -9.3272E+06 3.2204E+07
0000361 3.5501E+09 -1.9758E+07 -2.7365E+07
0000362 3.5501E+09 -6.5490E+06 -1.5814E+04
0000363 3.5501E+09 9.2915E+06 3.4224E+07
0000364 3.5501E+09 -3.8093E+07 -3.5643E+06
0000365 3.5501E+09 -4.8184E+07 -2.7273E+07
0000366 3.5501E+09 1.0450E+07 5.7773E+07
0000367 3.5501E+09 1.0919E+06 -2.8344E+07
0000368 3.5501E+09 -7.3652E+06 -1.1605E+07
0000369 3.5501E+09 -2.4313E+07 -8.8422E+07
0000370 3.5501E+09 -8.1487E+06 1.3104E+06
0000371 3.5501E+09 -3.8178E+06 -1.7198E+07
0000372 3.5501E+09 -2.6898E+07 -1.7034E+07
0000373 3.5501E+09 -1.0478E+07 -2.1962E+07
0000374 3.5501E+09 3.4276E+07 -6.7605E+06
0000375 3.5501E+09 2.3300E+07 7.5852E+06
0000376 3.5501E+09 -1.7276E+06 3.3771E+06
0000377 3.5501E+09 -4.9055E+06 -7.9703E+06
0000378 3.5501E+09 4.4117E+06 1.0094E+07
0000379 3.5501E+09 -8.0797E+06 -1.5982E+07
0000380 3.5501E+09 6.7755E+06 1.3544E+07
0000381 3.5501E+09 -7.1887E+06 1.8412E+07
0000382 3.5501E+09 1.7809E+07 1.9233E+07
0000383 3.5501E+09 -2.2865E+07 -4.7865E+07
0000384 3.5501E+09 -3.7291E+06 -2.8656E+07
0000385 3.5501E+09 4.0499E+06 -1.3063E+07
0000386 3.5501E+09 -1.8931E+07 -1.1875E+07
0000387 3.5501E+09 3.6296E+07 -1.9873E+06
0000388 3.5501E+09 -1.2029E+07 -1.1546E+07
0000389 3.5501E+09 2.8492E+07 1.4370E+07
0000390 3.5501E+09 1.4564E+07 -1.5066E+07
0000391 3.5501E+09 -1.6908E+08 9.1073E+07
0000392 3.5501E+09 5.1482E+05 2.2917E+06
0000393 3.5501E+09 2.2693E+07 7.7153E+06
0000394 3.5501E+09 -3.1680E+07 -2.5191E+07
0000395 3.5501E+09 -4.4673E+07 -1.8508E+07
0000396 3.5501E+09 2.5170E+07 -1.2381E+07
0000397 3.5501E+09 1.7580E+06 3.1061E+07
0000398 3.5501E+09 2.0940E+07 1.4321E+06
0000399 3.5501E+09 -1.2421E+07 -1.6872E+07
0000400 3.5501E+09 2.4876E+07 -2.2857E+07
0000401 3.5501E+09 5.3255E+07 -2.3893E+07
0000402 3.5501E+09 8.8389E+06 9.1174E+06
0000403 3.5501E+09 3.6943E+06 -2.0009E+07
0000404 3.5501E+09 -8.5197E+06 2.7820E+07
0000405 3.5501E+09 1.1297E+07 1.3578E+06
0000406 3.5501E+09 -1.0718E+07 1.9230E+07
0000407 3.5501E+09 -1.9487E+07 -2.2592E+05
0000408 3.5501E+09 1.3761E+07 -6.9400E+06
0000409 3.5501E+09 2.0456E+07 -1.8816E+06
0000410 3.5501E+09 -2.2203E+07 1.8065E+07
0000411 3.5501E+09 -1.7640E+07 -1.1700E+06
0000412 3.5501E+09 3.6732E+07 3.8357E+06
0000413 3.5501E+09 -4.3485E+07 -1.4389E+07
0000414 3.5501E+09 -4.2115E+07 -1.7990E+07
0000415 3.5501E+09 -6.0491E+06 9.3207E+06
0000416 3.5501E+09 -1.1727E+07 -2.2991E+07
0000417 3.5501E+09 9.3951E+06 -2.7928E+07
0000418 3.5501E+09 8.4465E+06 -2.3678E+07
0000419 3.5501E+09 2.9356E+07 -2.4289E+07
0000420 3.5501E+09 1.6387E+07 -4.0478E+06
0000421 3.5501E+09 8.1189E+06 -1.2165E+07
0000422 3.5501E+09 -2.5305E+07 -2.9133E+07
0000423 3.5501E+09 -6.4868E+06 3.9892E+06
0000424 3.5501E+09 7.5523E+06 1.6257E+07
0000425 3.5501E+09 -9.6296E+06 -2.5701E+07
0000426 3.5501E+09 -2.4224E+07 -1.2937E+07
0000427 3.5501E+09 -1.9386E+07 3.0546E+07
0000428 3.5501E+09 1.8190E+07 1.5959E+07
0000429 3.5501E+09 -1.0667E+05 1.5927E+07
0000430 3.5501E+09 -2.6146E+06 -1.2877E+07
0000431 3.5501E+09 5.9233E+06 -2.2284E+07
0000432 3.5501E+09 1.0118E+07 1.2861E+07
0000433 3.5501E+09 -2.7965E+07 -4.3347E+06
0000434 3.5501E+09 -1.3239E+07 1.2171E+05
0000435 3.5501E+09 2.4206E+07 1.0887E+07
0000436 3.5501E+09 -1.5968E+07 -5.2965E+06
0000437 3.5501E+09 1.6829E+07 1.8744E+08
0000438 3.5501E+09 8.2205E+06 2.6531E+07
0000439 3.5501E+09 -6.8959E+06 8.0537E+06
0000440 3.5501E+09 -1.2094E+07 -2.1513E+07
0000441 3.5501E+09 -2.9354E+07 -6.0201E+06
0000442 3.5501E+09 5.4301E+06 1.0467E+07
0000443 3.5501E+09 5.5700E+07 -4.2687E+07
0000444 3.5501E+09 2.5632E+07 -2.0914E+07
0000445 3.5501E+09 6.8623E+07 -3.5329E+07
0000446 3.5501E+09 2.1272E+07 -2.3227E+06
0000447 3.5501E+09 4.0827E+07 -1.9435E+07
0000448 3.5501E+09 -2.0492E+07 5.0849E+07
0000449 3.5501E+09 1.1525E+07 -1.2511E+07
0000450 3.5501E+09 2.8976E+08 2.8125E+08
0000451 3.5501E+09 -3.1911E+06 -8.6792E+06
0000452 3.5501E+09 -7.0289E+06 -9.5829E+06
0000453 3.5501E+09 1.4839E+07 -5.4532E+05
0000454 3.5501E+09 -4.4747E+06 -1.0806E+07
0000455 3.5501E+09 1.9471E+07 2.0763E+07
0000456 3.5501E+09 -1.4671E+07 -3.0027E+07
0000457 3.5501E+09 2.7470E+06 -2.7248E+07
0000458 3.5501E+09 2.0523E+07 -9.5452E+06
0000459 3.5501E+09 9.2286E+06 -5.2189E+06
0000460 3.5501E+09 -1.6922E+07 -1.6007E+07
0000461 3.5501E+09 -1.9712E+07 -4.2488E+07
0000462 3.5501E+09 2.6056E+07 -1.2029E+07
0000463 3.5501E+09 -1.0592E+07 3.1954E+07
0000464 3.5501E+09 6.1024E+07 3.1134E+07
0000465 3.5501E+09 1.5537E+07 2.8908E+07
0000466 3.5501E+09 -1.0388E+07 -4.7282E+07
0000467 3.5501E+09 1.8784E+07 -1.1940E+07
0000468 3.5501E+09 -1.4264E+07 -1.8583E+07
0000469 3.5501E+09 -1.9929E+07 -2.8921E+07
0000470 3.5501E+09 -8.1030E+06 -1.4254E+07
0000471 3.5501E+09 7.6643E+06 2.1033E+06
0000472 3.5501E+09 -3.3231E+06 9.5185E+06
0000473 3.5501E+09 1.9515E+07 1.8348E+07
0000474 3.5501E+09 -1.1941E+07 3.7055E+06
0000475 3.5501E+09 3.9387E+07 -1.3033E+07
0000476 3.5501E+09 8.4266E+06 -1.2861E+07
0000477 3.5501E+09 7.1435E+06 1.0016E+07
0000478 3.5501E+09 -8.3083E+06 -3.1296E+07
0000479 3.5501E+09 -2.5199E+07 -4.1512E+06
0000480 3.5501E+09 1.8210E+07 -1.3346E+07
0000481 3.5501E+09 -2.0032E+07 -2.0475E+07
0000482 3.5501E+09 2.2122E+06 -1.5522E+07
0000483 3.5501E+09 1.2335E+07 -1.3909E+07
0000484 3.5501E+09 -1.4439E+07 1.8531E+07
0000485 3.5501E+09 2.0647E+07 5.4916E+06
0000486 3.5501E+09 -3.4840E+07 4.3615E+06
0000487 3.5501E+09 -4.2447E+06 6.5295E+06
0000488 3.5501E+09 -3.8508E+07 8.5968E+04
0000489 3.5501E+09 2.5667E+07 9.1927E+06
0000490 3.5501E+09 2.5564E+06 -2.5393E+07
0000491 3.5501E+09 1.1256E+07 -7.9575E+06
0000492 3.5501E+09 -2.4957E+07 -6.0596E+06
0000493 3.5501E+09 -1.6376E+07 -9.1138E+06
0000494 3.5501E+09 5.2196E+05 -8.9376E+05
0000495 3.5501E+09 2.1866E+07 -2.0372E+06
0000496 3.5501E+09 1.7424E+07 -2.6923E+06
0000497 3.5501E+09 3.5476E+06 -4.0097E+06
0000498 3.5501E+09 1.7764E+07 -8.6398E+06
0000499 3.5501E+09 4.6129E+07 1.1141E+08
0000500 3.5501E+09 -2.1234E+07 1.0882E+07
0000501 3.5501E+09 -4.7511E+07 3.6186E+07
0000502 3.5501E+09 -2.0481E+07 1.9929E+07
0000503 3.5501E+09 -1.0686E+06 1.1814E+07
0000504 3.5501E+09 -7.1982E+06 1.6875E+08
0000505 3.5501E+09 2.5139E+07 -1.6785E+07
0000506 3.5501E+09 -6.5436E+06 -6.6181E+06
0000507 3.5501E+09 -1.7777E+07 1.3395E+07
0000508 3.5501E+09 -3.1223E+07 2.3910E+07
0000509 3.5501E+09 9.9163E+06 3.1440E+07
0000510 3.5501E+09 2.4227E+07 2.3054E+07
0000511 3.5501E+09 4.3760E+07 -5.4418E+06
0000512 3.5501E+09 5.9009E+06 1.7796E+07
0000513 3.5501E+09 -6.2486E+07 1.9004E+07
0000514 3.5501E+09 -1.2870E+07 2.6870E+07
0000515 3.5501E+09 -4.1150E+07 -3.3697E+07
0000516 3.5501E+09 6.2723E+07 3.4795E+06
0000517 3.5501E+09 -6.6502E+06 -2.2028E+06
0000518 3.5501E+09 7.0770E+06 -2.0453E+07
0000519 3.5501E+09 -4.8919E+06 -6.3488E+06
0000520 3.5501E+09 3.6044E+07 2.0326E+07
0000521 3.5501E+09 5.2770E+07 6.1982E+07
0000522 3.5501E+09 -2.0862E+06 7.8657E+06
0000523 3.5501E+09 1.0099E+06 5.4080E+06
0000524 3.5501E+09 5.0929E+06 -5.6770E+07
0000525 3.5501E+09 5.5725E+06 5.3359E+05
0000526 3.5501E+09 -5.3699E+06 5.5571E+06
0000527 3.5501E+09 1.5740E+07 2.3245E+07
0000528 3.5501E+09 3.2275E+07 1.2929E+07
0000529 3.5501E+09 6.3363E+06 1.1757E+07
0000530 3.5501E+09 6.9364E+06 -8.2807E+06
0000531 3.5501E+09 -1.1351E+06 6.6727E+06
0000532 3.5501E+09 -4.8899E+06 8.3630E+06
0000533 3.5501E+09 5.0037E+07 -5.4711E+06
0000534 3.5501E+09 -2.2130E+07 -1.4545E+07
0000535 3.5501E+09 3.0361E+07 -2.6743E+07
0000536 3.5501E+09 1.0434E+07 3.1010E+07
0000537 3.5501E+09 1.0509E+06 -3.0006E+07
0000538 3.5501E+09 -1.2956E+06 2.1924E+07
0000539 3.5501E+09 2.2475E+07 -2.4467E+06
0000540 3.5501E+09 1.5724E+07 3.5869E+07
0000541 3.5501E+09 2.0070E+07 2.7535E+07
0000542 3.5501E+09 4.6595E+06 -1.0511E+07
0000543 3.5501E+09 -1.5557E+07 -3.8524E+07
0000544 3.5501E+09 -2.0736E+07 -5.5583E+06
0000545 3.5501E+09 6.9755E+06 3.1342E+07
0000546 3.5501E+09 -1.2056E+07 -4.2208E+07
0000547 3.5501E+09 4.1090E+07 2.7241E+07
0000548 3.5501E+09 -2.6490E+07 2.5079E+07
0000549 3.5501E+09 -1.1889E+06 -5.9695E+06
0000550 3.5501E+09 2.3744E+07 -2.6695E+07
0000551 3.5501E+09 2.0276E+07 -1.3732E+07
0000552 3.5501E+09 -8.9089E+06 1.9155E+07
0000553 3.5501E+09 1.7872E+07 -2.9282E+06
0000554 3.5501E+09 -1.0441E+07 -1.7559E+06
0000555 3.5501E+09 2.0989E+07 2.1675E+07
0000556 3.5501E+09 -2.0879E+07 1.0519E+07
0000557 3.5501E+09 2.1699E+07 -3.7319E+06
0000558 3.5501E+09 -1.4418E+07 7.4826E+06
0000559 3.5501E+09 -3.0555E+07 2.4874E+07
0000560 3.5501E+09 -1.9560E+07 -2.8219E+06
0000561 3.5501E+09 -3.5760E+07 -3.1453E+07
0000562 3.5501E+09 6.8637E+06 2.6616E+07
0000563 3.5501E+09 -8.2183E+06 1.4919E+07
0000564 3.5501E+09 4.1958E+06 -1.2044E+07
0000565 3.5501E+09 4.0459E+06 3.6307E+06
0000566 3.5501E+09 -3.6673E+06 -2.5965E+06
0000567 3.5501E+09 -4.3023E+07 -8.2766E+06
0000568 3.5501E+09 2.6120E+06 -7.1656E+06
0000569 3.5501E+09 -8.7460E+06 1.9465E+07
0000570 3.5501E+09 -3.3648E+07 5.8822E+06
0000571 3.5501E+09 2.5905E+06 7.4308E+06
0000572 3.5501E+09 -2.1729E+07 -6.4111E+06
0000573 3.5501E+09 -1.3647E+07 3.0428E+07
0000574 3.5501E+09 3.3107E+07 5.7040E+06
0000575 3.5501E+09 -1.3627E+07 -1.5448E+06
0000576 3.5501E+09 -1.9033E+07 2.7161E+07
0000577 3.5501E+09 2.6759E+07 -1.3540E+07
0000578 3.5501E+09 6.7319E+05 -5.5214E+06
0000579 3.5501E+09 -3.1641E+07 -1.3475E+07
0000580 3.5501E+09 -1.5695E+06 1.6890E+07
0000581 3.5501E+09 -8.7839E+06 1.8305E+07
0000582 3.5501E+09 -1.9943E+07 -8.4409E+06
0000583 3.5501E+09 3.5974E+06 2.6350E+07
0000584 3.5501E+09 -2.8976E+07 1.7938E+07
0000585 3.5501E+09 4.7775E+06 -2.8707E+07
0000586 3.5501E+09 -1.7231E+07 4.0560E+07
0000587 3.5501E+09 -3.8588E+06 4.1919E+06
0000588 3.5501E+09 -4.4187E+06 8.0306E+06
0000589 3.5501E+09 6.9740E+06 -3.1176E+06
0000590 3.5501E+09 -5.7030E+06 -3.2701E+07
0000591 3.5501E+09 1.5960E+06 -3.4394E+06
0000592 3.5501E+09 5.0685E+04 5.1743E+06
0000593 3.5501E+09 -1.5695E+07 -3.1479E+07
0000594 3.5501E+09 1.4114E+07 -1.7181E+07
0000595 3.5501E+09 -7.5154E+06 -3.2605E+05
0000596 3.5501E+09 2.0241E+07 4.3633E+06
0000597 3.5501E+09 8.8978E+06 2.3435E+06
0000598 3.5501E+09 1.2346E+08 -4.9601E+07
0000599 3.5501E+09 -3.7496E+07 -5.2716E+07
0000600 3.5501E+09 6.2001E+07 -1.2332E+07
0000601 3.5501E+09 5.3159E+06 1.6817E+07
0000602 3.5501E+09 -2.8014E+07 1.7225E+07
0000603 3.5501E+09 -8.8482E+05 -1.2096E+07
0000604 3.5501E+09 7.4133E+06 1.8225E+07
0000605 3.5501E+09 -1.9145E+05 -6.7796E+06
0000606 3.5501E+09 1.9539E+06 -4.3360E+06
0000607 3.5501E+09 9.4294E+05 1.9839E+07
0000608 3.5501E+09 -2.4569E+07 -3.1797E+07
0000609 3.5501E+09 -2.3920E+07 1.0457E+07
0000610 3.5501E+09 -2.6457E+06 9.7789E+06
0000611 3.5501E+09 -3.9675E+06 4.4558E+07
0000612 3.5501E+09 5.7492E+06 -2.7490E+06
0000613 3.5501E+09 2.6560E+07 8.6713E+06
0000614 3.5501E+09 7.6461E+06 -3.3891E+07
0000615 3.5501E+09 -4.1670E+07 -2.5884E+06
0000616 3.5501E+09 -5.8078E+06 -1.9268E+07
0000617 3.5501E+09 -5.9725E+03 1.5402E+07
0000618 3.5501E+09 2.1529E+07 5.7595E+06
0000619 3.5501E+09 -1.7350E+07 -1.6992E+07
0000620 3.5501E+09 -1.1420E+07 -1.3085E+07
0000621 3.5501E+09 -1.6036E+06 -7.1789E+06
0000622 3.5501E+09 -7.6104E+07 3.3492E+07
0000623 3.5501E+09 1.4255E+07 -2.4624E+07
0000624 3.5501E+09 2.3462E+07 -3.3294E+06
0000625 3.5501E+09 -2.0903E+07 -1.6273E+07
0000626 3.5501E+09 -2.0470E+07 9.4527E+06
0000627 3.5501E+09 1.0157E+07 -2.4166E+07
0000628 3.5501E+09 -2.3927E+07 1.9897E+06
0000629 3.5501E+09 -2.0458E+07 -3.2702E+05
0000630 3.5501E+09 6.2760E+06 2.5130E+07
0000631 3.5501E+09 2.0612E+07 1.2725E+07
0000632 3.5501E+09 4.4166E+06 -2.8250E+07
0000633 3.5501E+09 2.2716E+07 -2.2568E+06
0000634 3.5501E+09 9.7057E+06 2.6852E+07
0000635 3.5501E+09 1.0113E+07 1.3465E+07
0000636 3.5501E+09 8.3453E+05 2.5236E+07
0000637 3.5501E+09 4.4051E+06 -2.1577E+07
0000638 3.5501E+09 -2.6218E+07 -1.8533E+07
0000639 3.5501E+09 -1.7848E+07 1.9293E+07
0000640 3.5501E+09 -6.6036E+06 -1.0329E+07
0000641 3.5501E+09 1.1798E+06 -3.0822E+06
0000642 3.5501E+09 -7.4710E+07 7.5079E+07
0000643 3.5501E+09 6.1772E+07 1.0429E+07
0000644 3.5501E+09 3.3996E+06 -9.1307E+06
0000645 3.5501E+09 5.3250E+06 -1.6625E+07
0000646 3.5501E+09 -7.4637E+06 2.1957E+07
0000647 3.5501E+09 3.5353E+07 3.5040E+05
0000648 3.5501E+09 2.5092E+07 2.6928E+07
0000649 3.5501E+09 -1.7919E+07 3.0007E+07
0000650 3.5501E+09 -9.6980E+06 3.2527E+06
0000651 3.5501E+09 3.9162E+07 -4.5964E+06
0000652 3.5501E+09 2.8004E+07 -2.9508E+06
0000653 3.5501E+09 -1.6101E+07 3.5630E+07
0000654 3.5501E+09 -4.7166E+06 -1.4390E+07
0000655 3.5501E+09 4.7200E+06 1.6024E+07
0000656 3.5501E+09 -1.3945E+07 1.2723E+07
0000657 3.5501E+09 6.2631E+06 2.1800E+07
0000658 3.5501E+09 1.7259E+07 9.9922E+06
0000659 3.5501E+09 1.7647E+06 1.7095E+07
0000660 3.5501E+09 -3.3294E+06 -2.2536E+07
0000661 3.5501E+09 5.9994E+06 1.1314E+07
0000662 3.5501E+09 1.8406E+06 2.6931E+07
0000663 3.5501E+09 1.8422E+06 -1.3023E+07
0000664 3.5501E+09 -4.0571E+06 6.9136E+07
0000665 3.5501E+09 -4.7744E+07 -3.4100E+07
0000666 3.5501E+09 1.3003E+08 -9.1325E+07
0000667 3.5501E+09 -1.1567E+07 4.0776E+06
0000668 3.5501E+09 3.7742E+07 -3.6090E+07
0000669 3.5501E+09 -5.4950E+06 1.2632E+07
0000670 3.5501E+09 -8.9507E+06 -5.9903E+07
0000671 3.5501E+09 1.1248E+07 -2.2804E+07
0000672 3.5501E+09 -1.0178E+07 -3.5269E+06
0000673 3.5501E+09 6.6510E+06 -1.3463E+08
0000674 3.5501E+09 3.1316E+07 6.9211E+07
0000675 3.5501E+09 -9.7323E+06 5.1927E+06
0000676 3.5501E+09 -5.7719E+06 -1.2657E+06
0000677 3.5501E+09 -3.6258E+06 1.0531E+07
0000678 3.5501E+09 -7.2051E+06 1.9398E+07
0000679 3.5501E+09 2.3303E+07 6.7984E+07
0000680 3.5501E+09 -3.4215E+06 -5.5360E+06
0000681 3.5501E+09 1.0494E+07 -1.6309E+06
0000682 3.5501E+09 -5.9863E+05 1.9932E+07
0000683 3.5501E+09 -2.8364E+07 -2.9109E+07
0000684 3.5501E+09 -1.6009E+06 -5.3925E+07
0000685 3.5501E+09 7.7446E+06 2.5692E+07
0000686 3.5501E+09 -1.1956E+07 -7.4721E+06
0000687 3.5501E+09 2.5563E+07 -1.5418E+06
0000688 3.5501E+09 -7.9178E+06 1.1015E+06
0000689 3.5501E+09 -1.1508E+07 1.1130E+06
0000690 3.5501E+09 2.6993E+07 6.9862E+06
0000691 3.5501E+09 -7.7528E+06 1.5306E+07
0000692 3.5501E+09 1.8044E+06 8.5174E+06
0000693 3.5501E+09 -1.1494E+07 1.0445E+07
0000694 3.5501E+09 3.0363E+07 -2.5090E+07
0000695 3.5501E+09 -2.1568E+07 2.3230E+06
0000696 3.5501E+09 -3.0802E+07 1.1167E+07
0000697 3.5501E+09 1.6815E+06 -1.0502E+07
0000698 3.5501E+09 6.3087E+05 -4.0239E+07
0000699 3.5501E+09 5.6509E+06 3.9858E+06
0000700 3.5501E+09 -2.0573E+07 -2.7302E+07
0000701 3.5501E+09 -1.6715E+07 -1.6481E+06
0000702 3.5501E+09 2.4842E+07 -2.3343E+07
0000703 3.5501E+09 1.4453E+07 -6.0244E+07
0000704 3.5501E+09 -1.6418E+07 9.9256E+06
0000705 3.5501E+09 2.4616E+07 -1.0089E+07
0000706 3.5501E+09 -6.1076E+07 1.9187E+07
0000707 3.5501E+09 -7.9791E+06 2.9281E+07
0000708 3.5501E+09 3.6513E+05 2.5453E+07
0000709 3.5501E+09 -1.4843E+07 5.0155E+06
0000710 3.5501E+09 -1.5316E+07 1.7187E+06
0000711 3.5501E+09 4.1743E+06 -4.8329E+06
0000712 3.5501E+09 -2.7770E+07 -2.3309E+07
0000713 3.5501E+09 -3.6922E+07 3.5555E+07
0000714 3.5501E+09 3.1707E+06 1.9027E+06
0000715 3.5501E+09 -1.6794E+07 -2.0154E+07
0000716 3.5501E+09 1.4175E+06 -1.4885E+07
0000717 3.5501E+09 1.0027E+07 2.6367E+07
0000718 3.5501E+09 -1.0202E+07 5.8903E+06
0000719 3.5501E+09 -5.0708E+06 -1.2243E+05
0000720 3.5501E+09 1.6564E+07 8.6956E+06
0000721 3.5501E+09 -3.0531E+06 2.7824E+07
0000722 3.5501E+09 -7.2014E+06 -3.1471E+07
0000723 3.5501E+09 3.8732E+07 -5.5264E+06
0000724 3.5501E+09 -4.3358E+07 2.0498E+07
0000725 3.5501E+09 -2.8072E+07 9.8178E+05
0000726 3.5501E+09 -9.0453E+06 6.2210E+06
0000727 3.5501E+09 -9.4493E+06 -1.7073E+07
0000728 3.5501E+09 6.5153E+06 2.5589E+06
0000729 3.5501E+09 1.0267E+07 2.3184E+07
0000730 3.5501E+09 1.5315E+07 -1.1491E+07
0000731 3.5501E+09 -1.9277E+07 2.3872E+07
0000732 3.5501E+09 1.2353E+07 2.2399E+07
0000733 3.5501E+09 9.1327E+05 3.9005E+06
0000734 3.5501E+09 4.6990E+05 8.9056E+06
0000735 3.5501E+09 1.6022E+07 -5.0055E+07
0000736 3.5501E+09 2.4129E+06 -2.6561E+07
0000737 3.5501E+09 1.6932E+07 -8.0895E+06
0000738 3.5501E+09 -1.7976E+07 -2.6180E+07
0000739 3.5501E+09 -2.2631E+07 4.5650E+06
0000740 3.5501E+09 1.3257E+07 3.4203E+07
0000741 3.5501E+09 5.7556E+06 -1.8123E+07
0000742 3.5501E+09 9.5385E+06 1.6406E+07
0000743 3.5501E+09 1.1868E+06 -9.9050E+06
0000744 3.5501E+09 -3.4708E+07 -5.2771E+07
0000745 3.5501E+09 1.8174E+07 2.7886E+07
0000746 3.5501E+09 -2.9759E+07 -2.6472E+07
0000747 3.5501E+09 1.0378E+07 2.8702E+07
0000748 3.5501E+09 1.2047E+07 -8.5970E+06
0000749 3.5501E+09 -1.3865E+07 -1.7183E+07
0000750 3.5501E+09 2.7022E+07 -4.9864E+06
0000751 3.5501E+09 3.9136E+06 2.5367E+07
0000752 3.5501E+09 -5.1001E+07 -8.9075E+06
0000753 3.5501E+09 6.4191E+06 -1.6665E+07
0000754 3.5501E+09 2.9501E+07 3.4819E+06
0000755 3.5501E+09 -8.5747E+06 2.1261E+05
0000756 3.5501E+09 -2.9272E+06 -3.3931E+07
0000757 3.5501E+09 -4.4168E+06 -3.6851E+07
0000758 3.5501E+09 -5.2184E+07 -3.3212E+07
0000759 3.5501E+09 1.0403E+08 8.2814E+07
0000760 3.5501E+09 -3.8022E+07 -6.8008E+06
0000761 3.5501E+09 4.8488E+06 3.9419E+07
0000762 3.5501E+09 -3.3204E+07 -8.2730E+07
0000763 3.5501E+09 2.7162E+06 2.6647E+06
0000764 3.5501E+09 2.0558E+06 -5.2119E+07
0000765 3.5501E+09 3.6770E+07 -3.6038E+07
0000766 3.5501E+09 -9.9680E+06 -6.4023E+06
0000767 3.5501E+09 1.0295E+06 8.8388E+06
0000768 3.5501E+09 1.1233E+07 7.6934E+05
0000769 3.5501E+09 2.7888E+06 -3.9818E+05
0000770 3.5501E+09 -1.3766E+07 -4.1964E+05
0000771 3.5501E+09 2.1060E+06 3.5567E+06
0000772 3.5501E+09 -5.7474E+06 -1.2307E+07
0000773 3.5501E+09 -1.7522E+06 -1.2778E+07
0000774 3.5501E+09 -2.1419E+07 -6.5944E+06
0000775 3.5501E+09 5.0769E+07 -2.8622E+07
0000776 3.5501E+09 -3.5199E+07 2.7281E+06
0000777 3.5501E+09 -1.5970E+07 4.7542E+07
0000778 3.5501E+09 2.2716E+07 1.6192E+07
0000779 3.5501E+09 -1.0977E+07 -3.8147E+07
0000780 3.5501E+09 2.3247E+06 1.8699E+07
0000781 3.5501E+09 3.0884E+07 -6.6289E+07
0000782 3.5501E+09 -9.8104E+06 -1.3546E+07
0000783 3.5501E+09 1.0261E+07 6.3916E+06
0000784 3.5501E+09 3.3911E+07 -1.0711E+07
0000785 3.5501E+09 1.9784E+07 2.3005E+07
0000786 3.5501E+09 1.9255E+07 -7.2103E+06
0000787 3.5501E+09 -6.3052E+06 -4.9405E+06
0000788 3.5501E+09 -7.4336E+06 1.5836E+07
0000789 3.5501E+09 -2.5813E+07 1.3729E+07
0000790 3.5501E+09 1.0646E+08 -7.4770E+06
0000791 3.5501E+09 2.6401E+07 -2.8857E+07
0000792 3.5501E+09 3.0159E+07 -1.3484E+07
0000793 3.5501E+09 2.5897E+07 -1.2409E+07
0000794 3.5501E+09 -2.9953E+07 1.8710E+06
0000795 3.5501E+09 1.3052E+07 -1.9420E+07
0000796 3.5501E+09 1.6273E+07 2.1400E+07
0000797 3.5501E+09 4.1321E+07 3.3796E+07
0000798 3.5501E+09 7.8240E+06 2.2303E+07
0000799 3.5501E+09 3.3552E+07 9.6378E+06
0000800 3.5501E+09 1.1480E+07 -2.8567E+06
0000801 3.5501E+09 -3.0164E+07 -2.6538E+07
0000802 3.5501E+09 -9.2229E+06 -2.6388E+08
0000803 3.5501E+09 1.4521E+07 1.1415E+06
0000804 3.5501E+09 -7.2439E+06 1.2700E+07
0000805 3.5501E+09 6.7719E+05 -3.1820E+05
0000806 3.5501E+09 3.7412E+06 -1.6735E+07
0000807 3.5501E+09 -1.4735E+06 -1.8478E+07
0000808 3.5501E+09 4.5949E+06 4.9795E+06
0000809 3.5501E+09 1.7199E+07 -1.9188E+06
0000810 3.5501E+09 -5.1333E+07 -1.3610E+07
0000811 3.5501E+09 3.3597E+06 2.2690E+07
0000812 3.5501E+09 3.3514E+07 1.2147E+07
0000813 3.5501E+09 3.4671E+07 -2.6484E+07
0000814 3.5501E+09 -1.1588E+07 -3.2396E+07
0000815 3.5501E+09 5.0856E+06 1.1660E+06
0000816 3.5501E+09 3.7847E+07 1.5664E+07
0000817 3.5501E+09 -3.7814E+04 1.8294E+07
0000818 3.5501E+09 -1.6621E+07 3.0609E+07
0000819 3.5501E+09 -1.4484E+07 -4.0983E+06
0000820 3.5501E+09 -4.8387E+06 2.5962E+07
0000821 3.5501E+09 -3.7011E+07 1.4742E+07
0000822 3.5501E+09 -5.4417E+06 -1.9049E+05
0000823 3.5501E+09 -2.8757E+06 8.7479E+06
0000824 3.5501E+09 -3.9954E+07 1.0044E+08
0000825 3.5501E+09 -1.4300E+07 -1.0377E+07
0000826 3.5501E+09 1.0868E+06 1.9771E+07
0000827 3.5501E+09 -2.7140E+07 -5.3147E+06
0000828 3.5501E+09 2.0244E+07 2.0825E+07
0000829 3.5501E+09 1.0810E+07 -4.0258E+07
0000830 3.5501E+09 1.6694E+07 -2.5029E+07
0000831 3.5501E+09 1.3865E+07 2.5911E+07
0000832 3.5501E+09 -1.8327E+07 4.0358E+06
0000833 3.5501E+09 -2.2942E+07 -3.1148E+07
0000834 3.5501E+09 9.4332E+06 -2.0230E+07
0000835 3.5501E+09 -2.0055E+06 3.4835E+06
0000836 3.5501E+09 1.5607E+07 -2.9524E+07
0000837 3.5501E+09 5.3270E+07 -3.8906E+07
0000838 3.5501E+09 8.7019E+06 -1.4800E+07
0000839 3.5501E+09 -2.9539E+07 -2.1597E+07
0000840 3.5501E+09 -8.6821E+06 3.4659E+07
0000841 3.5501E+09 -9.2191E+05 -3.2683E+06
0000842 3.5501E+09 6.5210E+06 -6.9899E+06
0000843 3.5501E+09 -7.3156E+05 -6.9738E+06
0000844 3.5501E+09 -4.1616E+06 -5.5787E+05
0000845 3.5501E+09 -4.9948E+06 1.0002E+07
0000846 3.5501E+09 4.3092E+06 4.2994E+06
0000847 3.5501E+09 1.3231E+07 7.3373E+06
0000848 3.5501E+09 1.9164E+07 -6.5361E+06
0000849 3.5501E+09 4.1529E+05 -7.3712E+06
0000850 3.5501E+09 -1.7864E+07 -1.3793E+07
0000851 3.5501E+09 4.9451E+07 2.4411E+07
0000852 3.5501E+09 -3.6696E+06 -5.5212E+05
0000853 3.5501E+09 2.4441E+06 -5.4447E+06
0000854 3.5501E+09 -7.2813E+06 -7.5270E+06
0000855 3.5501E+09 -1.0216E+08 2.5992E+07
0000856 3.5501E+09 -1.1412E+07 4.0666E+07
0000857 3.5501E+09 1.8192E+07 -4.5515E+06
0000858 3.5501E+09 4.1473E+06 -7.8680E+06
0000859 3.5501E+09 -1.1421E+07 -1.0154E+06
0000860 3.5501E+09 1.5880E+07 -4.2155E+07
0000861 3.5501E+09 2.4703E+07 -7.4672E+06
0000862 3.5501E+09 1.8910E+07 1.1354E+07
0000863 3.5501E+09 2.2319E+07 4.6847E+07
0000864 3.5501E+09 5.8206E+06 -2.1284E+07
0000865 3.5501E+09 -4.6282E+06 -2.2502E+07
0000866 3.5501E+09 -1.0557E+07 2.1163E+05
0000867 3.5501E+09 3.0234E+07 -4.5170E+07
0000868 3.5501E+09 -2.4319E+07 1.8783E+07
0000869 3.5501E+09 -2.1067E+07 3.1951E+06
0000870 3.5501E+09 -1.2067E+07 -9.0062E+06
0000871 3.5501E+09 -8.4749E+06 -1.1135E+06
0000872 3.5501E+09 -5.4614E+07 8.3890E+05
0000873 3.5501E+09 1.1287E+07 -4.8881E+07
0000874 3.5501E+09 5.6245E+07 -2.5709E+07
0000875 3.5501E+09 -3.8515E+06 -1.4105E+07
0000876 3.5501E+09 -2.1192E+07 1.5435E+07
0000877 3.5501E+09 -6.7099E+06 -2.4607E+06
0000878 3.5501E+09 -1.4165E+07 1.8497E+07
0000879 3.5501E+09 -5.0115E+07 -3.0240E+07
0000880 3.5501E+09 -2.8452E+07 1.1869E+07
0000881 3.5501E+09 -1.8852E+07 1.4243E+07
0000882 3.5501E+09 -2.8164E+06 -9.3646E+06
0000883 3.5501E+09 -3.0283E+07 -1.4273E+07
0000884 3.5501E+09 8.7946E+06 5.2780E+06
0000885 3.5501E+09 -1.6671E+07 7.6070E+05
0000886 3.5501E+09 6.4692E+07 3.1467E+07
0000887 3.5501E+09 -4.8800E+06 2.0951E+07
0000888 3.5501E+09 -2.6572E+07 -7.9430E+07
0000889 3.5501E+09 -4.7606E+07 -4.3890E+07
0000890 3.5501E+09 1.5764E+07 3.2382E+07
0000891 3.5501E+09 -3.0032E+07 9.6259E+06
0000892 3.5501E+09 -2.0255E+06 2.3935E+07
0000893 3.5501E+09 -1.8819E+07 -5.6173E+07
0000894 3.5501E+09 2.3096E+07 -1.2005E+07
0000895 3.5501E+09 -1.1124E+07 -1.8441E+07
0000896 3.5501E+09 -1.0609E+07 -2.6026E+07
0000897 3.5501E+09 -1.2337E+07 6.2467E+06
0000898 3.5501E+09 -1.6715E+07 1.0819E+07
0000899 3.5501E+09 -6.8540E+06 4.0305E+06
0000900 3.5501E+09 1.9216E+07 -9.6291E+06
0000901 3.5501E+09 1.9763E+05 5.4622E+06
0000902 3.5501E+09 -1.3848E+07 1.0289E+07
0000903 3.5501E+09 3.1063E+07 1.1248E+07
0000904 3.5501E+09 -9.2403E+07 4.3927E+07
0000905 3.5501E+09 -5.3831E+06 3.6398E+07
0000906 3.5501E+09 -2.6491E+07 -6.6825E+06
0000907 3.5501E+09 1.6325E+07 -3.0809E+07
0000908 3.5501E+09 6.8183E+06 2.5861E+07
0000909 3.5501E+09 -4.8855E+06 -3.1570E+07
0000910 3.5501E+09 -2.0395E+07 -8.2193E+07
0000911 3.5501E+09 -9.0774E+06 1.9890E+07
0000912 3.5501E+09 4.9058E+05 1.5234E+07
0000913 3.5501E+09 -8.0796E+06 1.2305E+07
0000914 3.5501E+09 -3.0140E+06 -2.3950E+07
0000915 3.5501E+09 2.0045E+07 5.3662E+07
0000916 3.5501E+09 -2.1214E+07 6.0831E+06
0000917 3.5501E+09 2.1209E+07 -4.9682E+06
0000918 3.5501E+09 1.0819E+07 4.8876E+06
0000919 3.5501E+09 4.9786E+07 -1.3676E+07
0000920 3.5501E+09 -1.5320E+07 2.9709E+07
0000921 3.5501E+09 2.4307E+07 -2.6208E+06
0000922 3.5501E+09 -1.9486E+07 1.0491E+07
0000923 3.5501E+09 -4.0099E+06 6.3928E+06
0000924 3.5501E+09 -2.8233E+07 -5.9921E+06
0000925 3.5501E+09 -5.6418E+07 3.6225E+07
0000926 3.5501E+09 -2.9820E+07 -8.3626E+06
0000927 3.5501E+09 6.4425E+07 -2.8023E+07
0000928 3.5501E+09 3.5909E+06 1.1377E+07
0000929 3.5501E+09 -1.6637E+07 -9.2481E+05
0000930 3.5501E+09 -1.6160E+07 -1.4111E+07
0000931 3.5501E+09 1.5507E+07 6.2838E+06
0000932 3.5501E+09 -3.6396E+07 1.9965E+07
0000933 3.5501E+09 7.8673E+06 -1.2942E+07
0000934 3.5501E+09 -1.0594E+07 1.1460E+07
0000935 3.5501E+09 1.9485E+07 -1.5622E+07
0000936 3.5501E+09 -7.9422E+06 -2.0479E+07
0000937 3.5501E+09 2.3836E+06 6.4471E+06
0000938 3.5501E+09 -1.6828E+07 -2.8131E+06
0000939 3.5501E+09 2.2601E+05 -3.8718E+07
0000940 3.5501E+09 5.3728E+06 -1.0483E+07
0000941 3.5501E+09 -9.6936E+06 1.9700E+07
0000942 3.5501E+09 2.0095E+07 -2.8579E+07
0000943 3.5501E+09 -2.9554E+07 6.0903E+07
0000944 3.5501E+09 8.1761E+06 9.6052E+06
0000945 3.5501E+09 2.3847E+07 -1.0091E+07
0000946 3.5501E+09 7.6876E+05 -2.0042E+06
0000947 3.5501E+09 1.5210E+07 1.3647E+07
0000948 3.5501E+09 -8.8390E+06 2.3876E+07
0000949 3.5501E+09 1.6687E+07 1.4121E+07
0000950 3.5501E+09 -1.8134E+07 3.2754E+07
0000951 3.5501E+09 2.4650E+07 9.1740E+06
0000952 3.5501E+09 -1.4123E+07 -1.6839E+07
0000953 3.5501E+09 -6.0324E+06 2.2245E+07
0000954 3.5501E+09 1.9742E+07 -3.5362E+07
0000955 3.5501E+09 -3.9662E+07 3.5578E+07
0000956 3.5501E+09 8.4060E+06 1.0070E+07
0000957 3.5501E+09 -6.1348E+06 4.0432E+06
0000958 3.5501E+09 1.3636E+07 -1.4720E+07
0000959 3.5501E+09 -1.9227E+07 -2.2965E+07
0000960 3.5501E+09 -2.1078E+07 -1.1249E+07
0000961 3.5501E+09 8.8599E+06 1.6697E+07
0000962 3.5501E+09 3.2437E+06 -3.1987E+07
0000963 3.5501E+09 -1.3445E+07 1.3504E+07
0000964 3.5501E+09 -2.7487E+07 -2.8244E+07
0000965 3.5501E+09 -3.9963E+05 -1.0947E+07
0000966 3.5501E+09 -5.9110E+07 -3.9337E+07
0000967 3.5501E+09 2.4048E+06 1.5988E+06
0000968 3.5501E+09 1.1475E+06 4.9424E+06
0000969 3.5501E+09 -1.4454E+07 -1.7738E+07
0000970 3.5501E+09 1.3303E+07 8.6506E+06
0000971 3.5501E+09 1.0253E+07 -2.0729E+07
0000972 3.5501E+09 -2.2791E+07 4.0720E+07
0000973 3.5501E+09 4.0023E+07 -1.1521E+07
0000974 3.5501E+09 1.6567E+07 -2.4766E+06
0000975 3.5501E+09 9.2365E+06 -3.0382E+07
0000976 3.5501E+09 -4.4838E+06 3.7743E+07
0000977 3.5501E+09 -1.4360E+06 1.0407E+07
0000978 3.5501E+09 4.1661E+06 -2.3396E+06
0000979 3.5501E+09 -2.0488E+06 1.4601E+07
0000980 3.5501E+09 -6.1952E+06 -5.1584E+06
0000981 3.5501E+09 5.4305E+07 -3.9737E+06
0000982 3.5501E+09 -1.4175E+06 -1.6871E+07
0000983 3.5501E+09 1.6518E+07 -1.0728E+07
0000984 3.5501E+09 -4.5139E+06 -8.3940E+06
0000985 3.5501E+09 1.9359E+06 -7.3880E+06
0000986 3.5501E+09 2.1965E+07 3.6474E+07
0000987 3.5501E+09 7.8855E+05 -2.1675E+06
0000988 3.5501E+09 1.5298E+07 2.4546E+07
0000989 3.5501E+09 -7.2012E+06 1.1245E+07
0000990 3.5501E+09 -9.9419E+07 1.2083E+08
0000991 3.5501E+09 -3.3720E+06 3.9474E+07
0000992 3.5501E+09 5.8993E+06 1.6935E+07
0000993 3.5501E+09 7.4604E+06 1.1604E+07
0000994 3.5501E+09 -1.8793E+07 -4.7559E+06
0000995 3.5501E+09 -2.0718E+07 -1.9308E+07
0000996 3.5501E+09 -5.0238E+05 -1.5383E+07
0000997 3.5501E+09 2.9334E+07 3.9963E+06
0000998 3.5501E+09 1.0244E+07 7.2204E+06
0000999 3.5501E+09 -5.4570E+06 -1.2112E+07
0001000 3.5501E+09 1.0986E+07 3.4109E+07
0001001 3.5501E+09 -4.3270E+06 -1.9860E+06
0001002 3.5501E+09 -9.5015E+06 9.5839E+06
0001003 3.5501E+09 -3.3382E+06 4.9661E+06
0001004 3.5501E+09 -8.5879E+07 3.4101E+07
0001005 3.5501E+09 -2.2655E+07 -1.8691E+05
0001006 3.5501E+09 2.1609E+07 -1.9527E+07
0001007 3.5501E+09 -3.7962E+06 -3.1538E+07
0001008 3.5501E+09 7.1405E+06 -2.9578E+07
0001009 3.5501E+09 3.0741E+07 -8.5727E+05
0001010 3.5501E+09 -5.7485E+07 4.3241E+07
0001011 3.5501E+09 -1.0885E+08 3.4607E+07
0001012 3.5501E+09 1.8504E+06 -5.1163E+06
0001013 3.5501E+09 2.3538E+06 1.2426E+07
0001014 3.5501E+09 -1.1151E+07 1.7403E+07
0001015 3.5501E+09 3.7927E+07 -2.9271E+07
0001016 3.5501E+09 -5.0134E+07 4.3607E+07
0001017 3.5501E+09 -1.1697E+06 -2.9678E+07
0001018 3.5501E+09 -3.0925E+07 -2.0944E+07
0001019 3.5501E+09 -3.7312E+07 2.6727E+06
0001020 3.5501E+09 -2.6102E+07 -1.0133E+07
0001021 3.5501E+09 1.1293E+07 -1.4802E+06
0001022 3.5501E+09 -4.9083E+04 -5.4338E+06
0001023 3.5501E+09 4.4576E+06 2.7317E+06
0001024 3.5501E+09 -2.0387E+06 -9.9693E+06
0001025 3.5501E+09 -1.0098E+07 -1.6856E+07
0001026 3.5501E+09 2.1987E+06 1.3409E+07
0001027 3.5501E+09 1.0645E+06 -4.8523E+06
0001028 3.5501E+09 -7.0980E+05 -1.3297E+06
0001029 3.5501E+09 8.4969E+06 -3.5378E+07
0001030 3.5501E+09 4.2737E+06 1.7224E+07
0001031 3.5501E+09 8.0444E+05 1.3505E+07
0001032 3.5501E+09 2.8746E+07 -3.3035E+06
0001033 3.5501E+09 4.2116E+07 3.6476E+07
0001034 3.5501E+09 2.5788E+06 1.4504E+07
0001035 3.5501E+09 1.7224E+07 3.9727E+06
0001036 3.5501E+09 1.8154E+07 -9.0430E+05
0001037 3.5501E+09 -1.6327E+07 1.5522E+07
0001038 3.5501E+09 1.2817E+07 -2.5479E+07
0001039 3.5501E+09 -4.5505E+07 1.3654E+07
0001040 3.5501E+09 9.6238E+06 -1.6922E+07
0001041 3.5501E+09 -2.5690E+07 -1.6642E+07
0001042 3.5501E+09 1.8681E+07 2.0949E+07
0001043 3.5501E+09 1.2667E+07 9.7938E+06
0001044 3.5501E+09 -2.6305E+07 -3.2304E+07
0001045 3.5501E+09 -1.6149E+07 7.0117E+06
0001046 3.5501E+09 -1.1131E+07 -2.4471E+07
0001047 3.5501E+09 -3.1674E+06 -4.2436E+06
0001048 3.5501E+09 -1.3022E+07 -3.9613E+07
0001049 3.5501E+09 3.3798E+07 2.2425E+07
0001050 3.5501E+09 9.2524E+07 2.0825E+07
0001051 3.5501E+09 -2.7524E+07 -3.3210E+06
0001052 3.5501E+09 2.4650E+07 1.1428E+07
0001053 3.5501E+09 -4.7051E+07 2.7449E+07
0001054 3.5501E+09 -1.2188E+07 2.3186E+06
0001055 3.5501E+09 1.7136E+06 4.0443E+06
0001056 3.5501E+09 -2.1528E+07 4.5753E+06
0001057 3.5501E+09 5.4917E+06 -1.6714E+07
0001058 3.5501E+09 -5.6623E+07 -3.8704E+07
0001059 3.5501E+09 -4.4315E+06 1.0080E+07
0001060 3.5501E+09 -1.5212E+07 -2.2775E+05
0001061 3.5501E+09 5.2800E+06 1.7262E+07
0001062 3.5501E+09 2.3525E+07 -3.7813E+07
0001063 3.5501E+09 -2.0398E+06 -7.8477E+06
0001064 3.5501E+09 3.6093E+06 2.9828E+06
0001065 3.5501E+09 -2.9003E+07 2.4843E+07
0001066 3.5501E+09 -7.7317E+06 -2.2933E+07
0001067 3.5501E+09 -2.5249E+07 5.5135E+06
0001068 3.5501E+09 -7.5912E+06 -8.1929E+07
0001069 3.5501E+09 1.4205E+07 -1.0969E+07
0001070 3.5501E+09 -2.5909E+07 2.8462E+07
0001071 3.5501E+09 5.1292E+07 3.9101E+07
0001072 3.5501E+09 3.2980E+07 3.0329E+05
0001073 3.5501E+09 -2.4222E+06 3.4347E+07
0001074 3.5501E+09 7.1268E+06 -4.6701E+07
0001075 3.5501E+09 2.5877E+07 1.9611E+07
0001076 3.5501E+09 -9.6787E+06 -1.0150E+07
0001077 3.5501E+09 -3.2350E+06 2.5851E+06
0001078 3.5501E+09 3.4196E+07 3.6413E+06
0001079 3.5501E+09 3.5404E+07 9.7602E+06
0001080 3.5501E+09 -1.7340E+06 4.1370E+06
0001081 3.5501E+09 -3.0776E+06 2.8731E+06
0001082 3.5501E+09 -6.5887E+07 1.8288E+07
0001083 3.5501E+09 -2.7318E+07 -3.9093E+07
0001084 3.5501E+09 -1.0917E+07 5.4336E+06
0001085 3.5501E+09 -1.8134E+07 1.3320E+07
0001086 3.5501E+09 -7.6922E+06 -3.4059E+07
0001087 3.5501E+09 2.2792E+07 6.3637E+07
0001088 3.5501E+09 5.9553E+07 2.0868E+06
0001089 3.5501E+09 1.3275E+07 1.0265E+07
0001090 3.5501E+09 2.0188E+07 -1.5842E+07
0001091 3.5501E+09 -9.0263E+07 1.3707E+07
0001092 3.5501E+09 1.2195E+06 -9.2777E+06
0001093 3.5501E+09 -1.1742E+07 -2.3657E+07
0001094 3.5501E+09 7.9613E+06 -2.0723E+07
0001095 3.5501E+09 -3.1490E+07 1.2704E+07
0001096 3.5501E+09 5.4354E+06 -2.1710E+06
0001097 3.5501E+09 2.3331E+07 1.2065E+07
0001098 3.5501E+09 -6.3692E+06 -1.6402E+07
0001099 3.5501E+09 8.4380E+06 -1.5623E+07
0001100 3.5501E+09 3.2698E+06 1.7204E+06
0001101 3.5501E+09 2.0251E+07 3.9711E+07
0001102 3.5501E+09 1.3838E+07 1.9958E+07
0001103 3.5501E+09 -1.2171E+07 1.7741E+07
0001104 3.5501E+09 -1.3194E+07 1.5046E+07
0001105 3.5501E+09 -2.3088E+07 -1.3844E+07
0001106 3.5501E+09 2.4189E+07 4.1310E+06
0001107 3.5501E+09 -9.5790E+06 5.5944E+07
0001108 3.5501E+09 -2.2822E+05 1.1073E+07
0001109 3.5501E+09 -1.6688E+06 -1.2550E+07
0001110 3.5501E+09 7.6165E+06 2.0649E+07
0001111 3.5501E+09 -1.7742E+07 4.0385E+07
0001112 3.5501E+09 1.8306E+07 9.2322E+07
0001113 3.5501E+09 1.8883E+07 9.5943E+06
0001114 3.5501E+09 9.3857E+06 1.6174E+07
0001115 3.5501E+09 -6.3517E+06 -1.7375E+07
0001116 3.5501E+09 -1.4977E+07 6.0192E+06
0001117 3.5501E+09 2.5783E+07 4.3998E+06
0001118 3.5501E+09 -1.1313E+07 -1.5079E+06
0001119 3.5501E+09 1.7283E+07 2.3425E+07
0001120 3.5501E+09 1.6755E+07 2.9213E+07
0001121 3.5501E+09 1.1069E+07 -3.9198E+06
0001122 3.5501E+09 3.4098E+06 7.5417E+05
0001123 3.5501E+09 -1.9655E+07 1.6031E+07
0001124 3.5501E+09 -1.7195E+06 1.1042E+07
0001125 3.5501E+09 -8.4698E+06 -2.9278E+06
0001126 3.5501E+09 -3.8497E+07 1.4626E+08
0001127 3.5501E+09 -2.5632E+07 -2.3652E+07
0001128 3.5501E+09 1.6138E+08 4.3074E+07
0001129 3.5501E+09 2.2251E+06 -3.3928E+07
0001130 3.5501E+09 -1.9008E+07 -5.1076E+07
0001131 3.5501E+09 2.1000E+07 -2.3679E+07
0001132 3.5501E+09 -1.9784E+07 -7.7606E+06
0001133 3.5501E+09 2.9511E+07 -1.5902E+07
0001134 3.5501E+09 -1.2474E+06 4.7484E+06
0001135 3.5501E+09 -5.0839E+07 -1.6016E+07
0001136 3.5501E+09 -1.3242E+07 -1.8548E+07
0001137 3.5501E+09 -5.0703E+06 1.6310E+07
0001138 3.5501E+09 5.0996E+07 -3.3578E+07
0001139 3.5501E+09 1.9716E+07 1.8129E+07
0001140 3.5501E+09 1.2379E+07 1.0689E+07
0001141 3.5501E+09 -2.0795E+07 2.4062E+07
0001142 3.5501E+09 -2.3998E+06 1.5367E+06
0001143 3.5501E+09 -2.4091E+07 -2.2786E+07
0001144 3.5501E+09 2.8423E+07 5.1493E+06
0001145 3.5501E+09 5.3171E+06 -1.6811E+06
0001146 3.5501E+09 2.3579E+07 2.8609E+06
0001147 3.5501E+09 2.5003E+06 2.0711E+06
0001148 3.5501E+09 -9.5491E+06 -3.3499E+07
0001149 3.5501E+09 -1.6918E+06 2.8514E+06
0001150 3.5501E+09 -7.4528E+06 1.2833E+07
0001151 3.5501E+09 -6.0913E+06 1.2930E+07
0001152 3.5501E+09 -7.5738E+06 -9.5363E+06
0001153 3.5501E+09 -1.5268E+07 2.7271E+07
0001154 3.5501E+09 -4.0439E+07 1.1836E+07
0001155 3.5501E+09 4.9381E+06 1.2662E+07
0001156 3.5501E+09 -3.0235E+06 -3.2062E+07
0001157 3.5501E+09 -9.4623E+07 -5.7038E+07
0001158 3.5501E+09 2.3349E+07 1.4871E+07
0001159 3.5501E+09 -9.6759E+06 -1.5346E+07
0001160 3.5501E+09 7.5600E+06 -1.3449E+07
0001161 3.5501E+09 -1.3906E+07 2.0189E+07
0001162 3.5501E+09 -1.2795E+07 9.1819E+06
0001163 3.5501E+09 -2.4233E+07 -3.1083E+07
0001164 3.5501E+09 -6.7958E+06 1.4193E+06
0001165 3.5501E+09 2.2419E+07 -3.2073E+07
0001166 3.5501E+09 3.2574E+07 -4.5611E+06
0001167 3.5501E+09 -1.9127E+07 3.1619E+07
0001168 3.5501E+09 1.5669E+06 6.7484E+06
0001169 3.5501E+09 -1.6235E+07 2.9324E+07
0001170 3.5501E+09 1.8685E+06 -2.1530E+07
0001171 3.5501E+09 2.9389E+07 2.0274E+06
0001172 3.5501E+09 -5.2427E+07 -4.2309E+07
0001173 3.5501E+09 -8.5383E+06 2.1878E+07
0001174 3.5501E+09 -2.4318E+07 -5.1052E+07
0001175 3.5501E+09 2.3321E+07 -4.0816E+06
0001176 3.5501E+09 -1.2008E+07 -1.6401E+07
0001177 3.5501E+09 -1.5199E+07 -1.9320E+07
0001178 3.5501E+09 3.1458E+07 -5.7646E+06
0001179 3.5501E+09 1.0922E+07 -2.4792E+05
0001180 3.5501E+09 -6.5059E+07 9.0402E+06
0001181 3.5501E+09 2.9947E+07 8.6330E+06
0001182 3.5501E+09 -9.4941E+06 1.4887E+07
0001183 3.5501E+09 -6.8587E+06 6.4801E+07
0001184 3.5501E+09 5.7438E+06 -9.9292E+05
0001185 3.5501E+09 -3.4607E+07 9.3738E+06
0001186 3.5501E+09 -8.5002E+05 -1.3718E+07
0001187 3.5501E+09 -4.9269E+06 -9.7221E+06
0001188 3.5501E+09 -1.7597E+07 3.6840E+06
0001189 3.5501E+09 2.9809E+07 -6.3226E+06
0001190 3.5501E+09 2.5764E+06 -3.3753E+07
0001191 3.5501E+09 -3.4468E+07 -6.7975E+07
0001192 3.5501E+09 5.0584E+07 -1.7373E+07
0001193 3.5501E+09 1.9516E+07 3.3427E+07
0001194 3.5501E+09 3.4403E+06 -2.5154E+06
0001195 3.5501E+09 4.1221E+07 1.8266E+06
0001196 3.5501E+09 1.5512E+07 -2.0581E+06
0001197 3.5501E+09 4.1693E+07 2.4910E+07
0001198 3.5501E+09 -2.4680E+07 1.3562E+07
0001199 3.5501E+09 1.9144E+07 1.8234E+07
0001200 3.5501E+09 8.6817E+06 3.6612E+06
0001201 3.5501E+09 -1.1013E+07 1.5576E+06
0001202 3.5501E+09 1.2719E+07 1.3365E+07
0001203 3.5501E+09 2.8088E+07 1.1095E+07
0001204 3.5501E+09 1.8143E+07 -1.6351E+07
0001205 3.5501E+09 -3.0504E+07 -3.5621E+07
0001206 3.5501E+09 -3.3821E+07 -5.9067E+06
0001207 3.5501E+09 2.3811E+07 2.6314E+07
0001208 3.5501E+09 2.8939E+07 -1.2976E+07
0001209 3.5501E+09 -3.2808E+07 5.2448E+05
0001210 3.5501E+09 1.3863E+07 -3.0034E+07
0001211 3.5501E+09 -1.7969E+07 -1.1604E+07
0001212 3.5501E+09 8.4335E+06 -1.3566E+07
0001213 3.5501E+09 3.8160E+06 -9.4043E+06
0001214 3.5501E+09 1.1381E+07 1.0648E+07
0001215 3.5501E+09 -3.8495E+06 4.7766E+06
0001216 3.5501E+09 3.1692E+07 1.7531E+07
0001217 3.5501E+09 9.1715E+06 -2.5729E+07
0001218 3.5501E+09 -2.3243E+07 -1.0659E+07
0001219 3.5501E+09 7.0759E+06 -1.5333E+07
0001220 3.5501E+09 -1.5989E+07 1.1213E+07
0001221 3.5501E+09 5.8174E+06 2.5155E+07
0001222 3.5501E+09 -2.1543E+07 -5.5082E+06
0001223 3.5501E+09 2.1788E+06 8.7566E+06
0001224 3.5501E+09 -9.1281E+06 7.4630E+05
0001225 3.5501E+09 -1.9399E+07 -2.3416E+06
0001226 3.5501E+09 1.0197E+07 -2.7147E+07
0001227 3.5501E+09 -2.8633E+08 6.9988E+07
0001228 3.5501E+09 -2.6290E+07 -2.3869E+07
0001229 3.5501E+09 1.3083E+07 5.9865E+06
0001230 3.5501E+09 -6.8024E+06 2.8686E+07
0001231 3.5501E+09 -6.8681E+06 -8.1526E+06
0001232 3.5501E+09 2.4159E+06 -6.2314E+07
0001233 3.5501E+09 -8.5720E+06 1.9504E+07
0001234 3.5501E+09 -4.1876E+06 4.9851E+07
0001235 3.5501E+09 3.5549E+06 -8.4363E+06
0001236 3.5501E+09 -2.5394E+07 -1.8307E+07
0001237 3.5501E+09 7.7731E+06 -2.0115E+07
0001238 3.5501E+09 1.9121E+07 -4.2384E+07
0001239 3.5501E+09 -1.2743E+07 3.2152E+07
0001240 3.5501E+09 1.5219E+07 1.8559E+07
0001241 3.5501E+09 -5.4863E+07 -1.4747E+07
0001242 3.5501E+09 -3.8364E+07 -4.6564E+06
0001243 3.5501E+09 2.9643E+07 -4.0291E+07
0001244 3.5501E+09 6.4853E+06 -2.4293E+07
0001245 3.5501E+09 2.0600E+07 -8.4395E+06
0001246 3.5501E+09 2.1281E+07 -4.8147E+06
0001247 3.5501E+09 -4.9564E+06 -1.1594E+07
0001248 3.5501E+09 -2.2023E+07 1.2477E+07
0001249 3.5501E+09 -3.8035E+07 2.9588E+07
0001250 3.5501E+09 -1.0256E+06 5.6281E+06
0001251 3.5501E+09 1.0740E+07 -1.7351E+07
0001252 3.5501E+09 1.6672E+07 -2.4499E+07
0001253 3.5501E+09 1.7251E+07 1.6406E+07
0001254 3.5501E+09 1.9882E+07 2.2140E+07
0001255 3.5501E+09 1.0326E+07 -1.5270E+07
0001256 3.5501E+09 7.1972E+06 1.7913E+07
0001257 3.5501E+09 -1.8067E+07 -1.6655E+07
0001258 3.5501E+09 -1.9253E+07 1.0723E+07
0001259 3.5501E+09 3.5365E+07 -1.6845E+07
0001260 3.5501E+09 2.8236E+07 -1.3815E+07
0001261 3.5501E+09 -9.8382E+06 -1.0095E+07
0001262 3.5501E+09 9.3313E+06 -5.9537E+06
0001263 3.5501E+09 3.5073E+07 8.8714E+06
0001264 3.5501E+09 1.6600E+07 -3.0587E+06
0001265 3.5501E+09 2.9719E+06 2.3703E+07
0001266 3.5501E+09 1.5669E+07 6.7023E+06
0001267 3.5501E+09 4.0530E+06 -1.4619E+07
0001268 3.5501E+09 6.3148E+06 1.5520E+07
0001269 3.5501E+09 -1.0949E+07 1.9866E+07
0001270 3.5501E+09 3.0962E+06 8.6051E+06
0001271 3.5501E+09 -3.6430E+07 1.9523E+07
0001272 3.5501E+09 7.7419E+06 -1.7145E+07
0001273 3.5501E+09 1.0777E+07 -1.0516E+06
0001274 3.5501E+09 1.2391E+07 -1.1104E+07
0001275 3.5501E+09 2.0741E+07 -8.2021E+05
0001276 3.5501E+09 -1.7082E+07 -9.5902E+06
0001277 3.5501E+09 -2.8573E+07 -1.3169E+07
0001278 3.5501E+09 -4.6099E+07 4.5475E+07
0001279 3.5501E+09 1.5583E+07 -6.2446E+06
0001280 3.5501E+09 -1.9633E+07 -1.0596E+07
0001281 3.5501E+09 -4.0856E+06 6.7031E+06
0001282 3.5501E+09 9.6164E+07 3.0281E+07
0001283 3.5501E+09 -2.3165E+07 -5.5055E+06
0001284 3.5501E+09 6.9324E+06 3.0525E+07
0001285 3.5501E+09 -2.3087E+07 -5.7156E+06
0001286 3.5501E+09 2.3735E+07 -8.7069E+06
0001287 3.5501E+09 3.2311E+05 9.5411E+06
0001288 3.5501E+09 3.8538E+07 7.5379E+06
0001289 3.5501E+09 -3.3873E+06 -8.9680E+06
0001290 3.5501E+09 8.3428E+06 2.3346E+07
0001291 3.5501E+09 -1.6267E+07 1.7038E+07
0001292 3.5501E+09 -4.0370E+06 1.2642E+07
0001293 3.5501E+09 -6.9400E+07 -1.3549E+07
0001294 3.5501E+09 2.1795E+06 -2.5201E+07
0001295 3.5501E+09 2.5625E+07 2.0176E+07
0001296 3.5501E+09 -5.4083E+06 8.1558E+05
0001297 3.5501E+09 -8.1964E+05 2.1405E+07
0001298 3.5501E+09 -4.9244E+07 4.5480E+06
0001299 3.5501E+09 3.1815E+07 3.3856E+06
0001300 3.5501E+09 -8.9512E+06 2.2344E+07
0001301 3.5501E+09 5.0962E+06 -2.5030E+07
0001302 3.5501E+09 -1.0677E+07 -1.8409E+07
0001303 3.5501E+09 2.7328E+07 2.5454E+07
0001304 3.5501E+09 2.2619E+07 5.1773E+06
0001305 3.5501E+09 1.1242E+07 -1.8779E+07
0001306 3.5501E+09 -2.3238E+06 7.2118E+06
0001307 3.5501E+09 1.4031E+07 4.7903E+06
0001308 3.5501E+09 -1.5829E+06 -2.2665E+07
0001309 3.5501E+09 -6.0557E+07 1.9863E+06
0001310 3.5501E+09 -7.6544E+07 -6.1362E+07
0001311 3.5501E+09 -1.9437E+07 -1.0409E+07
0001312 3.5501E+09 -2.5707E+07 1.4699E+06
0001313 3.5501E+09 -7.3542E+07 -3.9979E+07
0001314 3.5501E+09 -1.9241E+07 1.4726E+07
0001315 3.5501E+09 4.3731E+06 2.7100E+07
0001316 3.5501E+09 -1.7841E+07 1.7670E+07
0001317 3.5501E+09 -1.6538E+07 2.8049E+07
0001318 3.5501E+09 -2.8533E+07 3.8156E+07
0001319 3.5501E+09 1.3846E+07 -2.2782E+06
0001320 3.5501E+09 3.1924E+06 -5.1368E+07
0001321 3.5501E+09 -1.6422E+07 -9.8146E+05
0001322 3.5501E+09 -5.8501E+06 1.2581E+07
0001323 3.5501E+09 -1.7180E+07 1.8718E+07
0001324 3.5501E+09 -1.2203E+07 1.5583E+06
0001325 3.5501E+09 -1.9261E+07 7.2201E+07
0001326 3.5501E+09 -9.8644E+06 -2.8995E+07
0001327 3.5501E+09 3.8212E+07 3.2284E+06
0001328 3.5501E+09 7.7547E+07 -8.4197E+07
0001329 3.5501E+09 -2.0330E+07 9.3753E+06
0001330 3.5501E+09 -2.1085E+07 -2.0315E+07
0001331 3.5501E+09 3.2256E+07 -1.6836E+07
0001332 3.5501E+09 2.6522E+07 -3.7239E+07
0001333 3.5501E+09 -9.2185E+05 -1.1201E+07
0001334 3.5501E+09 -3.6834E+06 -7.2995E+07
0001335 3.5501E+09 -2.3141E+07 2.9271E+06
0001336 3.5501E+09 -9.2655E+06 1.0670E+07
0001337 3.5501E+09 -3.6676E+07 8.3078E+06
0001338 3.5501E+09 -2.3341E+06 -2.9196E+06
0001339 3.5501E+09 1.9379E+07 -9.0225E+06
0001340 3.5501E+09 -3.2373E+07 -2.6895E+07
0001341 3.5501E+09 -3.9134E+07 3.9313E+06
0001342 3.5501E+09 4.1700E+07 4.5204E+07
0001343 3.5501E+09 3.0178E+07 7.6842E+07
0001344 3.5501E+09 -7.9601E+06 -1.8003E+07
0001345 3.5501E+09 -1.4156E+07 -2.9711E+07
0001346 3.5501E+09 -5.5642E+06 -2.9294E+07
0001347 3.5501E+09 1.1210E+06 -4.7154E+06
0001348 3.5501E+09 -1.3370E+07 -1.4831E+07
0001349 3.5501E+09 -1.3559E+07 -1.8238E+07
0001350 3.5501E+09 -3.8863E+07 -1.0001E+07
0001351 3.5501E+09 -2.5421E+07 -3.3829E+06
0001352 3.5501E+09 3.2959E+07 3.3370E+07
0001353 3.5501E+09 5.5519E+06 -1.9207E+07
0001354 3.5501E+09 3.0872E+07 1.1195E+07
0001355 3.5501E+09 -1.1240E+07 -5.5226E+06
0001356 3.5501E+09 -3.2565E+07 -2.2744E+06
0001357 3.5501E+09 7.5781E+06 2.8724E+06
0001358 3.5501E+09 1.5662E+07 5.0091E+06
0001359 3.5501E+09 -9.7203E+06 -2.5510E+06
0001360 3.5501E+09 -1.7479E+07 1.0736E+07
0001361 3.5501E+09 -1.6287E+07 2.6383E+06
0001362 3.5501E+09 6.7203E+06 -1.1059E+07
0001363 3.5501E+09 1.3947E+07 -4.1984E+06
0001364 3.5501E+09 1.1123E+07 1.4705E+07
0001365 3.5501E+09 6.3295E+06 1.8187E+07
0001366 3.5501E+09 -4.3053E+06 -2.8359E+07
0001367 3.5501E+09 -1.7873E+06 -2.0680E+07
0001368 3.5501E+09 7.9883E+06 3.5994E+07
0001369 3.5501E+09 1.1401E+07 2.6811E+07
0001370 3.5501E+09 -7.1768E+06 6.9041E+06
0001371 3.5501E+09 8.0640E+06 -2.5946E+06
0001372 3.5501E+09 8.2815E+05 9.3261E+05
0001373 3.5501E+09 -1.3963E+07 2.2217E+07
0001374 3.5501E+09 -8.9663E+06 -1.1360E+07
0001375 3.5501E+09 -9.3333E+06 -9.4760E+06
0001376 3.5501E+09 -1.9441E+07 3.6875E+07
0001377 3.5501E+09 2.6342E+06 -4.8941E+05
0001378 3.5501E+09 2.8007E+07 2.7495E+07
0001379 3.5501E+09 -1.2280E+07 2.6262E+06
0001380 3.5501E+09 -4.9870E+06 -1.4993E+07
0001381 3.5501E+09 -1.4475E+06 -2.4962E+07
0001382 3.5501E+09 -1.0768E+07 -4.1875E+06
0001383 3.5501E+09 -3.2752E+06 2.1379E+05
0001384 3.5501E+09 -2.2730E+07 -3.7356E+07
0001385 3.5501E+09 -3.7265E+07 -2.7394E+07
0001386 3.5501E+09 8.5937E+06 -1.0318E+07
0001387 3.5501E+09 1.3111E+07 1.0194E+07
0001388 3.5501E+09 -8.8107E+06 -2.3464E+07
0001389 3.5501E+09 6.9429E+06 3.2955E+07
0001390 3.5501E+09 -9.0406E+06 -1.8012E+07
0001391 3.5501E+09 -4.7642E+07 -3.0227E+07
0001392 3.5501E+09 -2.5694E+07 2.1584E+07
0001393 3.5501E+09 -5.1368E+07 -9.1756E+07
0001394 3.5501E+09 8.4436E+06 2.0852E+06
0001395 3.5501E+09 -9.8366E+06 5.1228E+07
0001396 3.5501E+09 4.7625E+07 -1.3960E+07
0001397 3.5501E+09 3.0872E+06 1.6116E+07
0001398 3.5501E+09 1.1293E+07 4.5168E+05
0001399 3.5501E+09 8.1326E+06 1.1150E+07
0001400 3.5501E+09 -1.0798E+07 1.4795E+07
0001401 3.5501E+09 3.1237E+07 2.6124E+07
0001402 3.5501E+09 1.0306E+07 -3.0274E+07
0001403 3.5501E+09 -1.1259E+07 3.2116E+07
0001404 3.5501E+09 7.2465E+05 1.6564E+07
0001405 3.5501E+09 3.9265E+07 2.0045E+07
0001406 3.5501E+09 1.1616E+06 -1.1084E+07
0001407 3.5501E+09 -5.6959E+05 -2.7556E+07
0001408 3.5501E+09 2.6591E+07 2.9209E+07
0001409 3.5501E+09 -2.0984E+07 3.9553E+07
0001410 3.5501E+09 -1.7849E+07 7.7710E+06
0001411 3.5501E+09 -4.0435E+07 -2.4192E+07
0001412 3.5501E+09 1.5290E+07 1.6375E+07
0001413 3.5501E+09 -6.1908E+07 5.2709E+06
0001414 3.5501E+09 -2.6862E+06 -7.4483E+05
0001415 3.5501E+09 6.5680E+05 -4.4298E+06
0001416 3.5501E+09 -3.4397E+07 3.2424E+06
0001417 3.5501E+09 3.1054E+07 2.6835E+06
0001418 3.5501E+09 5.7350E+06 2.4599E+07
0001419 3.5501E+09 -7.1010E+06 1.2126E+07
0001420 3.5501E+09 -2.5162E+06 1.2858E+07
0001421 3.5501E+09 2.3031E+07 3.7875E+06
0001422 3.5501E+09 -2.2294E+06 -1.1416E+06
0001423 3.5501E+09 -2.3371E+07 1.4381E+07
0001424 3.5501E+09 -2.5377E+07 2.7253E+07
0001425 3.5501E+09 1.1784E+07 -6.3992E+06
0001426 3.5501E+09 -1.8410E+07 1.2326E+06
0001427 3.5501E+09 -3.9175E+07 -2.6505E+07
0001428 3.5501E+09 5.5041E+06 6.4730E+06
0001429 3.5501E+09 1.0872E+07 3.6410E+06
0001430 3.5501E+09 2.0696E+07 2.6162E+07
0001431 3.5501E+09 -2.1798E+07 -1.1255E+07
0001432 3.5501E+09 3.5796E+06 -4.1907E+07
0001433 3.5501E+09 -1.3879E+07 -1.6069E+07
0001434 3.5501E+09 1.8947E+07 2.0904E+06
0001435 3.5501E+09 -8.7615E+06 -2.8199E+07
0001436 3.5501E+09 -1.1180E+07 -5.8893E+07
0001437 3.5501E+09 2.2760E+06 -2.0295E+07
0001438 3.5501E+09 3.8357E+07 2.4241E+05
0001439 3.5501E+09 -2.4620E+07 2.4264E+07
0001440 3.5501E+09 2.5679E+07 -2.3734E+07
0001441 3.5501E+09 -3.1722E+07 3.8172E+07
0001442 3.5501E+09 1.5517E+06 1.2105E+07
0001443 3.5501E+09 1.0623E+07 2.2807E+07
0001444 3.5501E+09 -5.1061E+06 1.2243E+07
0001445 3.5501E+09 -3.0499E+07 -4.8231E+06
0001446 3.5501E+09 2.8019E+07 7.4545E+05
0001447 3.5501E+09 8.3940E+06 -7.5708E+06
0001448 3.5501E+09 1.9570E+06 -1.6715E+07
0001449 3.5501E+09 2.1603E+06 2.3313E+07
0001450 3.5501E+09 -5.2978E+07 -4.3279E+07
0001451 3.5501E+09 -1.0554E+07 1.1380E+07
0001452 3.5501E+09 -7.7503E+06 -4.6775E+06
0001453 3.5501E+09 4.5728E+07 4.9666E+07
0001454 3.5501E+09 1.5449E+06 9.6007E+06
0001455 3.5501E+09 1.8451E+07 7.7195E+06
0001456 3.5501E+09 -1.9366E+06 -1.6611E+07
0001457 3.5501E+09 -1.1022E+07 -5.2539E+07
0001458 3.5501E+09 -3.3785E+07 -2.5662E+07
0001459 3.5501E+09 1.9979E+07 -2.0456E+07
0001460 3.5501E+09 1.4287E+07 -1.5137E+06
0001461 3.5501E+09 3.3242E+07 6.0484E+06
0001462 3.5501E+09 1.6495E+07 1.5153E+07
0001463 3.5501E+09 -1.2460E+07 4.9884E+06
0001464 3.5501E+09 -3.6616E+07 -7.4738E+06
0001465 3.5501E+09 -3.2868E+07 2.1423E+07
0001466 3.5501E+09 1.0924E+07 -5.1571E+07
0001467 3.5501E+09 1.7988E+07 1.3070E+07
0001468 3.5501E+09 3.0974E+07 -3.9359E+07
0001469 3.5501E+09 -5.3049E+07 -2.0505E+07
0001470 3.5501E+09 -5.4401E+07 1.1383E+07
0001471 3.5501E+09 2.7392E+07 -1.2218E+07
0001472 3.5501E+09 -2.0374E+07 -9.7042E+06
0001473 3.5501E+09 3.9868E+06 -1.1663E+06
0001474 3.5501E+09 -1.2206E+07 1.8741E+07
0001475 3.5501E+09 1.3807E+07 -2.5586E+07
0001476 3.5501E+09 1.4708E+07 1.7690E+06
0001477 3.5501E+09 -1.1952E+06 -2.1767E+07
0001478 3.5501E+09 -1.8829E+07 1.1121E+06
0001479 3.5501E+09 4.7995E+06 -5.4203E+06
0001480 3.5501E+09 -3.5686E+07 -1.5101E+07
0001481 3.5501E+09 1.9925E+07 -1.1152E+07
0001482 3.5501E+09 1.8864E+07 7.5940E+06
0001483 3.5501E+09 1.4843E+07 2.3651E+07
0001484 3.5501E+09 -1.0400E+07 -9.0714E+06
0001485 3.5501E+09 3.6396E+07 1.1180E+08
0001486 3.5501E+09 -1.1962E+07 -3.8833E+06
0001487 3.5501E+09 2.0871E+07 1.1132E+07
0001488 3.5501E+09 -2.1210E+07 -2.2886E+07
0001489 3.5501E+09 -2.4207E+07 -4.5212E+07
0001490 3.5501E+09 1.7895E+06 -1.5700E+07
0001491 3.5501E+09 1.0868E+07 4.3402E+06
0001492 3.5501E+09 -2.0982E+07 5.7726E+05
0001493 3.5501E+09 -2.6240E+06 1.2873E+07
0001494 3.5501E+09 -5.1018E+06 4.7926E+07
0001495 3.5501E+09 4.9692E+05 -2.1500E+07
0001496 3.5501E+09 -1.0105E+07 -4.4805E+06
0001497 3.5501E+09 2.7190E+07 1.6102E+07
0001498 3.5501E+09 3.6013E+07 -2.1700E+07
0001499 3.5501E+09 1.6817E+07 2.4235E+06
0001500 3.5501E+09 -3.3166E+06 1.3501E+06
0001501 3.5501E+09 8.6321E+06 5.0835E+07
0001502 3.5501E+09 -1.9769E+07 -5.1224E+06
0001503 3.5501E+09 6.4268E+07 -1.9917E+07
0001504 3.5501E+09 -7.7994E+06 7.0975E+07
0001505 3.5501E+09 3.6456E+07 -2.2741E+07
0001506 3.5501E+09 1.6388E+07 -2.0570E+07
0001507 3.5501E+09 1.1200E+07 1.6150E+07
0001508 3.5501E+09 -2.0043E+07 4.1846E+05
0001509 3.5501E+09 2.1075E+07 -1.3398E+07
0001510 3.5501E+09 8.1813E+06 -3.2974E+07
0001511 3.5501E+09 3.3299E+07 1.8143E+07
0001512 3.5501E+09 -1.0325E+07 1.6507E+07
0001513 3.5501E+09 -8.9406E+06 -1.0061E+07
0001514 3.5501E+09 4.8551E+07 -1.8392E+06
0001515 3.5501E+09 4.2605E+07 1.4285E+07
0001516 3.5501E+09 -3.0989E+07 4.0017E+07
0001517 3.5501E+09 -3.1500E+06 1.9578E+07
0001518 3.5501E+09 -3.3985E+07 2.1948E+06
0001519 3.5501E+09 -3.8022E+07 -1.2230E+07
0001520 3.5501E+09 1.1608E+07 -1.2249E+06
0001521 3.5501E+09 -2.0988E+07 8.5195E+06
0001522 3.5501E+09 2.3648E+07 2.0911E+07
0001523 3.5501E+09 3.9504E+07 2.6312E+07
0001524 3.5501E+09 -9.7967E+06 6.1696E+06
0001525 3.5501E+09 1.3888E+07 8.6317E+06
0001526 3.5501E+09 -8.4145E+06 -6.9745E+06
0001527 3.5501E+09 5.9527E+07 -1.7660E+07
0001528 3.5501E+09 -1.3024E+07 -1.3650E+07
0001529 3.5501E+09 -1.3503E+07 -1.2904E+07
0001530 3.5501E+09 -1.8119E+07 1.2271E+06
0001531 3.5501E+09 -8.5821E+06 -4.8125E+07
0001532 3.5501E+09 -1.2323E+07 3.8071E+06
0001533 3.5501E+09 -2.6902E+07 2.0468E+07
0001534 3.5501E+09 -2.8733E+07 8.6741E+06
0001535 3.5501E+09 -2.9564E+07 -1.3274E+07
0001536 3.5501E+09 -2.3058E+07 5.4116E+07
0001537 3.5501E+09 1.7904E+07 -1.5448E+07
0001538 3.5501E+09 -4.3865E+07 -1.8351E+07
0001539 3.5501E+09 2.2814E+07 1.9045E+05
0001540 3.5501E+09 3.1308E+08 1.2998E+08
0001541 3.5501E+09 7.3848E+06 3.2833E+06
0001542 3.5501E+09 1.9572E+07 2.6389E+07
0001543 3.5501E+09 1.4211E+07 1.1180E+07
0001544 3.5501E+09 -2.7722E+06 1.0296E+07
0001545 3.5501E+09 3.6481E+07 -1.6225E+07
0001546 3.5501E+09 -2.7640E+06 3.4125E+06
0001547 3.5501E+09 3.0494E+07 -2.4618E+07
0001548 3.5501E+09 1.3240E+06 -3.3489E+07
0001549 3.5501E+09 2.2944E+07 -4.2363E+06
0001550 3.5501E+09 2.5826E+06 -5.3708E+06
0001551 3.5501E+09 -4.0643E+07 1.3703E+06
0001552 3.5501E+09 -1.9180E+07 -1.7523E+07
0001553 3.5501E+09 -5.1838E+07 -4.5029E+07
0001554 3.5501E+09 2.3408E+07 -2.7132E+06
0001555 3.5501E+09 -4.5268E+07 -1.0442E+07
0001556 3.5501E+09 4.6029E+07 -2.6948E+07
0001557 3.5501E+09 2.3121E+07 -7.5322E+06
0001558 3.5501E+09 2.5794E+07 -1.3559E+07
0001559 3.5501E+09 6.5981E+06 -2.1495E+07
0001560 3.5501E+09 -3.0237E+07 1.0620E+08
0001561 3.5501E+09 -5.2684E+07 5.7492E+07
0001562 3.5501E+09 1.5421E+07 7.4030E+06
0001563 3.5501E+09 1.9759E+07 1.4957E+07
0001564 3.5501E+09 -1.3290E+07 1.7520E+07
0001565 3.5501E+09 -2.7145E+07 -1.5579E+07
0001566 3.5501E+09 -1.0242E+07 1.4234E+07
0001567 3.5501E+09 -1.5681E+07 -7.8619E+06
0001568 3.5501E+09 -3.4585E+06 1.4421E+07
0001569 3.5501E+09 1.9695E+07 -2.3863E+07
0001570 3.5501E+09 -3.4364E+06 -1.4824E+07
0001571 3.5501E+09 -5.8424E+06 -2.2160E+07
0001572 3.5501E+09 -2.0927E+06 2.6773E+06
0001573 3.5501E+09 -1.5903E+07 3.7127E+07
0001574 3.5501E+09 4.1070E+06 -5.2138E+06
0001575 3.5501E+09 -6.4568E+06 -1.6885E+06
0001576 3.5501E+09 3.5228E+07 2.7834E+07
0001577 3.5501E+09 1.0853E+07 2.1415E+07
0001578 3.5501E+09 2.4340E+07 1.9497E+07
0001579 3.5501E+09 -7.5586E+06 1.5956E+07
0001580 3.5501E+09 -1.3078E+07 3.7119E+07
0001581 3.5501E+09 8.7268E+06 -5.8240E+06
0001582 3.5501E+09 -7.8670E+06 3.9836E+07
0001583 3.5501E+09 -2.9557E+07 4.8225E+06
0001584 3.5501E+09 -3.0573E+07 -2.4325E+07
0001585 3.5501E+09 1.3504E+06 -8.3757E+06
0001586 3.5501E+09 3.5955E+06 -3.6815E+07
0001587 3.5501E+09 1.9104E+07 -2.1895E+07
0001588 3.5501E+09 1.2629E+06 5.6208E+06
0001589 3.5501E+09 1.6533E+07 -1.0518E+07
0001590 3.5501E+09 -9.3576E+06 -3.3819E+07
0001591 3.5501E+09 -1.4683E+07 -5.6708E+06
0001592 3.5501E+09 -2.2721E+07 4.3492E+06
0001593 3.5501E+09 3.1069E+07 9.8308E+05
0001594 3.5501E+09 3.0189E+07 4.1436E+07
0001595 3.5501E+09 1.5476E+07 2.7225E+07
0001596 3.5501E+09 1.9915E+06 9.9965E+06
0001597 3.5501E+09 8.8903E+07 2.7945E+07
0001598 3.5501E+09 -1.8829E+07 -1.2908E+07
0001599 3.5501E+09 6.0128E+06 -2.3365E+07
0001600 3.5501E+09 -4.1466E+07 3.1611E+07
0001601 3.5501E+09 8.4720E+06 1.2988E+06
0001602 3.5501E+09 -1.2768E+06 -6.5469E+06
0001603 3.5501E+09 -9.5163E+06 -1.4909E+07
0001604 3.5501E+09 9.7314E+06 2.0335E+07
0001605 3.5501E+09 6.0436E+06 -1.0983E+07
0001606 3.5501E+09 -3.3503E+07 -1.8704E+07
0001607 3.5501E+09 1.2014E+07 -1.0948E+07
0001608 3.5501E+09 -4.1633E+07 -1.0251E+07
0001609 3.5501E+09 -2.9493E+06 -7.7926E+06
0001610 3.5501E+09 -2.8706E+07 -5.8349E+06
0001611 3.5501E+09 -2.0378E+07 -2.9702E+06
0001612 3.5501E+09 4.5773E+06 -8.4344E+06
0001613 3.5501E+09 1.5806E+07 -2.9464E+07
0001614 3.5501E+09 5.8802E+07 -2.3097E+07
0001615 3.5501E+09 -2.8150E+07 -1.1498E+07
0001616 3.5501E+09 1.6220E+07 2.5955E+07
0001617 3.5501E+09 2.4550E+07 7.3687E+07
0001618 3.5501E+09 2.6703E+06 -6.2420E+06
0001619 3.5501E+09 2.6937E+07 4.1733E+06
0001620 3.5501E+09 -3.7841E+07 -5.7866E+07
0001621 3.5501E+09 -2.6209E+07 -1.8999E+06
0001622 3.5501E+09 -1.5538E+07 4.5778E+07
0001623 3.5501E+09 -1.2724E+07 5.2221E+06
0001624 3.5501E+09 -2.3473E+07 4.3194E+07
0001625 3.5501E+09 -3.7766E+07 -1.2596E+07
0001626 3.5501E+09 -1.0177E+07 8.0287E+06
0001627 3.5501E+09 -1.2720E+08 1.1941E+07
0001628 3.5501E+09 -2.5749E+07 -1.8447E+07
0001629 3.5501E+09 5.1063E+07 1.8142E+07
0001630 3.5501E+09 1.2822E+07 -2.1312E+07
0001631 3.5501E+09 -9.8568E+06 -1.5465E+07
0001632 3.5501E+09 -1.0909E+08 1.4524E+07
0001633 3.5501E+09 1.7201E+07 -1.2930E+07
0001634 3.5501E+09 -3.0061E+07 5.0469E+06