0000001 3.5502E+09 2.5962E+07 3.9051E+07
0000002 3.5502E+09 1.1216E+07 -3.7052E+07
0000003 3.5502E+09 2.4116E+07 -1.6351E+07
0000004 3.5502E+09 1.1327E+07 -2.0406E+07
0000005 3.5502E+09 -8.0885E+06 -1.2686E+06
0000006 3.5502E+09 -2.7388E+07 -4.0880E+06
0000007 3.5502E+09 -3.1358E+07 1.0248E+07
0000008 3.5502E+09 1.2663E+07 -3.4051E+07
0000009 3.5502E+09 -1.9168E+07 -1.1534E+06
0000010 3.5502E+09 -1.7304E+07 2.3230E+07
0000011 3.5502E+09 6.3024E+05 -2.4417E+07
0000012 3.5502E+09 -4.9051E+06 -7.6155E+03
0000013 3.5502E+09 -2.7391E+07 2.6898E+07
0000014 3.5502E+09 2.3871E+07 1.3930E+07
0000015 3.5502E+09 8.3694E+06 -6.6859E+06
0000016 3.5502E+09 8.4912E+06 -1.3234E+07
0000017 3.5502E+09 1.6760E+07 6.9852E+06
0000018 3.5502E+09 -3.0481E+06 -3.5691E+06
0000019 3.5502E+09 2.8720E+07 -4.0836E+04
0000020 3.5502E+09 -1.6339E+07 3.7009E+06
0000021 3.5502E+09 1.2039E+07 -1.5035E+07
0000022 3.5502E+09 -8.0375E+07 -4.7834E+07
0000023 3.5502E+09 -6.6476E+05 -3.1361E+07
0000024 3.5502E+09 1.7331E+07 -2.4767E+07
0000025 3.5502E+09 1.6066E+07 2.2233E+07
0000026 3.5502E+09 -4.9221E+06 2.4339E+07
0000027 3.5502E+09 1.2470E+07 -3.4036E+07
0000028 3.5502E+09 -1.8196E+07 2.3284E+07
0000029 3.5502E+09 -1.0708E+07 2.4487E+07
0000030 3.5502E+09 2.6292E+06 -2.2411E+07
0000031 3.5502E+09 -1.2367E+07 -3.3104E+07
0000032 3.5502E+09 7.1819E+06 3.4627E+07
0000033 3.5502E+09 -2.4671E+07 2.0012E+07
0000034 3.5502E+09 1.7272E+06 -4.7486E+06
0000035 3.5502E+09 8.2045E+06 -1.4378E+07
0000036 3.5502E+09 7.6580E+06 3.0944E+06
0000037 3.5502E+09 1.4308E+07 1.4204E+07
0000038 3.5502E+09 -7.3441E+05 -1.6079E+07
0000039 3.5502E+09 -5.7744E+06 5.1397E+06
0000040 3.5502E+09 -2.6569E+07 -1.3185E+07
0000041 3.5502E+09 -6.2223E+06 -2.2257E+07
0000042 3.5502E+09 -2.9487E+05 1.3598E+07
0000043 3.5502E+09 -8.2304E+06 -6.2909E+06
0000044 3.5502E+09 2.6630E+07 -2.1718E+07
0000045 3.5502E+09 -2.4341E+06 7.6718E+06
0000046 3.5502E+09 -1.5090E+07 -1.8772E+06
0000047 3.5502E+09 -3.6278E+07 4.0867E+07
0000048 3.5502E+09 -5.7177E+06 -1.7990E+07
0000049 3.5502E+09 2.9102E+07 1.9541E+07
0000050 3.5502E+09 -6.2241E+06 -1.6525E+07
0000051 3.5502E+09 -1.1599E+07 2.1485E+06
0000052 3.5502E+09 4.8752E+06 6.7242E+06
0000053 3.5502E+09 1.6771E+07 -6.0298E+06
0000054 3.5502E+09 1.8594E+07 -2.1578E+07
0000055 3.5502E+09 -1.4984E+07 -1.9052E+07
0000056 3.5502E+09 -9.1967E+05 -4.6739E+07
0000057 3.5502E+09 -1.8218E+07 2.7060E+07
0000058 3.5502E+09 -1.1854E+07 3.2031E+07
0000059 3.5502E+09 8.6138E+06 8.2229E+06
0000060 3.5502E+09 -2.0156E+07 -9.4969E+06
0000061 3.5502E+09 -5.8648E+07 -1.5749E+07
0000062 3.5502E+09 -1.3544E+07 -8.4662E+05
0000063 3.5502E+09 2.8935E+06 1.1089E+07
0000064 3.5502E+09 1.3651E+07 -4.7448E+07
0000065 3.5502E+09 -2.1172E+07 4.2101E+06
0000066 3.5502E+09 1.2429E+07 6.8964E+06
0000067 3.5502E+09 1.8359E+07 -1.4367E+07
0000068 3.5502E+09 -6.1731E+06 6.2959E+06
0000069 3.5502E+09 -7.0967E+06 -3.1229E+06
0000070 3.5502E+09 -1.2258E+07 -1.7179E+07
0000071 3.5502E+09 2.0320E+07 7.0161E+06
0000072 3.5502E+09 -2.4084E+07 -2.7250E+07
0000073 3.5502E+09 3.1658E+07 7.6954E+06
0000074 3.5502E+09 -6.3018E+06 -3.1637E+06
0000075 3.5502E+09 1.0262E+07 1.4872E+07
0000076 3.5502E+09 -2.0257E+07 -2.5967E+07
0000077 3.5502E+09 -1.4574E+07 5.2210E+05
0000078 3.5502E+09 1.0889E+06 2.6015E+07
0000079 3.5502E+09 -5.1648E+06 -4.8793E+05
0000080 3.5502E+09 1.0284E+07 1.0280E+07
0000081 3.5502E+09 1.6572E+07 -1.9976E+07
0000082 3.5502E+09 -1.6927E+07 -1.3253E+07
0000083 3.5502E+09 -6.4900E+07 -5.4570E+07
0000084 3.5502E+09 6.6170E+07 -6.3751E+05
0000085 3.5502E+09 -2.5858E+07 -1.9539E+07
0000086 3.5502E+09 3.4391E+06 -2.1106E+07
0000087 3.5502E+09 -1.2144E+07 -2.5132E+07
0000088 3.5502E+09 -2.6927E+07 -5.7118E+07
0000089 3.5502E+09 -1.4022E+07 -2.0208E+07
0000090 3.5502E+09 1.8648E+07 -1.6401E+07
0000091 3.5502E+09 -3.3411E+06 1.3529E+07
0000092 3.5502E+09 3.0349E+06 1.0378E+07
0000093 3.5502E+09 8.1253E+06 -6.7727E+06
0000094 3.5502E+09 5.6385E+06 -1.4628E+07
0000095 3.5502E+09 1.1525E+07 -1.4642E+07
0000096 3.5502E+09 4.8426E+05 -7.1921E+06
0000097 3.5502E+09 -1.1179E+07 1.3217E+07
0000098 3.5502E+09 9.9806E+05 -7.5115E+06
0000099 3.5502E+09 2.2561E+07 -3.3632E+06
0000100 3.5502E+09 4.2604E+07 -1.3953E+07
0000101 3.5502E+09 1.2420E+07 3.0628E+07
0000102 3.5502E+09 4.0471E+07 -9.0505E+06
0000103 3.5502E+09 -2.2039E+07 -1.0116E+07
0000104 3.5502E+09 2.2127E+07 -3.9684E+06
0000105 3.5502E+09 -6.0391E+06 -8.4745E+05
0000106 3.5502E+09 1.5303E+07 4.1171E+07
0000107 3.5502E+09 -1.0590E+07 9.9911E+05
0000108 3.5502E+09 1.0727E+07 -3.3891E+07
0000109 3.5502E+09 4.2735E+06 -1.3691E+07
0000110 3.5502E+09 -2.0390E+06 1.5925E+07
0000111 3.5502E+09 2.2930E+07 -2.5992E+06
0000112 3.5502E+09 -5.9178E+06 3.7911E+06
0000113 3.5502E+09 8.5235E+05 4.3515E+05
0000114 3.5502E+09 -2.2779E+07 2.4046E+06
0000115 3.5502E+09 2.2855E+07 -3.2835E+07
0000116 3.5502E+09 -5.6136E+06 4.1125E+06
0000117 3.5502E+09 1.2522E+07 -9.4793E+05
0000118 3.5502E+09 9.2720E+05 -7.9091E+06
0000119 3.5502E+09 -1.5211E+06 -3.1504E+06
0000120 3.5502E+09 -1.4675E+06 4.4016E+07
0000121 3.5502E+09 -1.0451E+07 -2.0859E+06
0000122 3.5502E+09 -6.6466E+06 1.4430E+06
0000123 3.5502E+09 7.1320E+06 4.9094E+06
0000124 3.5502E+09 1.4232E+07 1.2584E+07
0000125 3.5502E+09 1.3696E+07 -8.5792E+06
0000126 3.5502E+09 -3.2864E+07 -3.1475E+07
0000127 3.5502E+09 -2.4913E+06 2.4519E+06
0000128 3.5502E+09 3.5249E+07 -1.0463E+07
0000129 3.5502E+09 3.5189E+07 2.5569E+06
0000130 3.5502E+09 -2.1895E+07 -1.2192E+07
0000131 3.5502E+09 -4.7299E+05 -6.3542E+06
0000132 3.5502E+09 1.5852E+07 3.7366E+06
0000133 3.5502E+09 4.4595E+07 4.3267E+06
0000134 3.5502E+09 4.6794E+07 3.1146E+07
0000135 3.5502E+09 7.1284E+06 -1.5384E+06
0000136 3.5502E+09 -1.9700E+06 1.8257E+07
0000137 3.5502E+09 2.2283E+07 1.5718E+07
0000138 3.5502E+09 3.5269E+06 4.0443E+04
0000139 3.5502E+09 7.7904E+06 1.6481E+07
0000140 3.5502E+09 -1.8062E+07 9.2451E+06
0000141 3.5502E+09 -1.1570E+06 -1.4607E+07
0000142 3.5502E+09 -3.9399E+06 -2.1921E+06
0000143 3.5502E+09 5.4409E+06 2.1125E+07
0000144 3.5502E+09 5.2449E+07 -2.1945E+05
0000145 3.5502E+09 4.3993E+06 1.1111E+07
0000146 3.5502E+09 -2.4370E+08 -5.6620E+07
0000147 3.5502E+09 3.6142E+07 6.5188E+07
0000148 3.5502E+09 3.3249E+07 -5.9762E+06
0000149 3.5502E+09 -2.3799E+07 -3.4546E+07
0000150 3.5502E+09 -4.4716E+06 7.0398E+07
0000151 3.5502E+09 -2.4192E+06 1.6409E+07
0000152 3.5502E+09 -1.3688E+07 -1.7619E+07
0000153 3.5502E+09 -1.5258E+07 -2.6456E+07
0000154 3.5502E+09 3.9365E+07 -7.5383E+06
0000155 3.5502E+09 7.4472E+05 -2.9314E+06
0000156 3.5502E+09 1.4943E+06 -4.4805E+06
0000157 3.5502E+09 4.0689E+07 -3.6401E+07
0000158 3.5502E+09 -2.6859E+07 2.3780E+07
0000159 3.5502E+09 -1.9089E+07 3.3811E+07
0000160 3.5502E+09 -2.1869E+07 1.6819E+06
0000161 3.5502E+09 -1.5735E+07 -8.6879E+06
0000162 3.5502E+09 -2.3527E+07 -1.4695E+07
0000163 3.5502E+09 2.2317E+07 1.0686E+07
0000164 3.5502E+09 4.7247E+05 1.3701E+07
0000165 3.5502E+09 -7.6705E+06 5.4728E+06
0000166 3.5502E+09 -1.3680E+07 3.2715E+06
0000167 3.5502E+09 1.5546E+07 2.2878E+07
0000168 3.5502E+09 2.2656E+07 -6.5727E+06
0000169 3.5502E+09 1.1097E+07 -2.9123E+07
0000170 3.5502E+09 1.2201E+06 -1.3216E+07
0000171 3.5502E+09 2.3196E+06 -3.9473E+07
0000172 3.5502E+09 -9.4244E+06 -3.1135E+06
0000173 3.5502E+09 7.3857E+07 -1.8818E+07
0000174 3.5502E+09 -4.9489E+07 -5.0703E+07
0000175 3.5502E+09 1.5792E+07 1.0266E+06
0000176 3.5502E+09 -3.6164E+06 -7.9133E+06
0000177 3.5502E+09 3.4823E+06 5.5694E+06
0000178 3.5502E+09 6.8358E+06 -1.1282E+07
0000179 3.5502E+09 1.4752E+07 1.4952E+07
0000180 3.5502E+09 -1.1247E+06 3.2602E+07
0000181 3.5502E+09 -1.6293E+07 1.4966E+07
0000182 3.5502E+09 2.5591E+07 4.7699E+06
0000183 3.5502E+09 -2.8305E+06 1.0551E+07
0000184 3.5502E+09 -7.6522E+06 -7.9565E+06
0000185 3.5502E+09 -1.0663E+06 -1.0800E+07
0000186 3.5502E+09 4.1478E+07 -2.7592E+07
0000187 3.5502E+09 9.3400E+06 -1.3732E+07
0000188 3.5502E+09 -2.7889E+07 -1.6683E+07
0000189 3.5502E+09 3.5129E+07 1.3794E+07
0000190 3.5502E+09 -9.4005E+06 -1.5140E+06
0000191 3.5502E+09 -8.6897E+07 -5.1691E+07
0000192 3.5502E+09 1.6685E+07 -9.9841E+06
0000193 3.5502E+09 2.0448E+07 2.4156E+06
0000194 3.5502E+09 2.7727E+07 -1.5036E+07
0000195 3.5502E+09 1.8969E+07 -1.4205E+07
0000196 3.5502E+09 -3.4706E+06 -1.9245E+07
0000197 3.5502E+09 2.5433E+07 1.7800E+06
0000198 3.5502E+09 2.7832E+07 -2.6607E+05
0000199 3.5502E+09 -1.0262E+07 1.4982E+07
0000200 3.5502E+09 -6.0985E+06 1.8237E+06
0000201 3.5502E+09 -2.4266E+07 4.5582E+06
0000202 3.5502E+09 2.4392E+07 -2.4642E+05
0000203 3.5502E+09 -2.4727E+07 3.6043E+06
0000204 3.5502E+09 1.7324E+07 -1.9211E+07
0000205 3.5502E+09 1.2889E+07 2.2428E+06
0000206 3.5502E+09 7.8051E+06 3.6290E+07
0000207 3.5502E+09 -4.4444E+06 1.1451E+07
0000208 3.5502E+09 -1.1492E+06 2.1555E+07
0000209 3.5502E+09 -2.2609E+07 6.3096E+06
0000210 3.5502E+09 1.0379E+07 2.4644E+06
0000211 3.5502E+09 -6.6880E+06 -5.5955E+06
0000212 3.5502E+09 -7.8380E+07 1.9830E+07
0000213 3.5502E+09 1.6455E+07 9.2506E+05
0000214 3.5502E+09 -3.4921E+07 -9.2343E+06
0000215 3.5502E+09 3.1844E+06 -1.4121E+07
0000216 3.5502E+09 1.3247E+07 1.1773E+07
0000217 3.5502E+09 -1.1287E+08 -4.2706E+08
0000218 3.5502E+09 4.0678E+07 2.5642E+07
0000219 3.5502E+09 2.0762E+05 -1.9300E+07
0000220 3.5502E+09 -1.1944E+07 6.1108E+06
0000221 3.5502E+09 1.0270E+07 1.3722E+07
0000222 3.5502E+09 3.7877E+07 4.4042E+06
0000223 3.5502E+09 5.9603E+06 -1.8495E+07
0000224 3.5502E+09 4.5349E+05 8.0058E+06
0000225 3.5502E+09 -1.8980E+07 7.0862E+06
0000226 3.5502E+09 -3.7034E+07 4.5853E+06
0000227 3.5502E+09 2.7427E+07 1.2361E+07
0000228 3.5502E+09 -1.5492E+07 2.3646E+07
0000229 3.5502E+09 2.8720E+07 -2.3199E+07
0000230 3.5502E+09 7.2701E+06 -8.7925E+06
0000231 3.5502E+09 2.1787E+07 -1.5222E+07
0000232 3.5502E+09 -1.8151E+07 -1.2449E+07
0000233 3.5502E+09 -6.6633E+06 -1.0909E+07
0000234 3.5502E+09 2.1771E+07 2.1094E+07
0000235 3.5502E+09 1.5546E+07 -8.7284E+06
0000236 3.5502E+09 -4.3601E+07 6.5233E+06
0000237 3.5502E+09 7.1411E+06 -4.2493E+06
0000238 3.5502E+09 -1.2424E+07 -8.9930E+06
0000239 3.5502E+09 5.1797E+05 5.8509E+06
0000240 3.5502E+09 -1.5948E+07 -2.0233E+07
0000241 3.5502E+09 -4.3758E+07 -6.8127E+06
0000242 3.5502E+09 -1.7559E+07 -5.1909E+06
0000243 3.5502E+09 -3.0081E+07 -2.2788E+07
0000244 3.5502E+09 -1.1451E+07 1.1761E+07
0000245 3.5502E+09 -2.6786E+07 3.5111E+07
0000246 3.5502E+09 1.9979E+06 -9.9361E+06
0000247 3.5502E+09 -1.5525E+05 1.1856E+07
0000248 3.5502E+09 1.7166E+07 1.9855E+06
0000249 3.5502E+09 2.5647E+07 1.0730E+07
0000250 3.5502E+09 -9.1418E+06 -2.4216E+07
0000251 3.5502E+09 -3.1988E+07 -2.9151E+07
0000252 3.5502E+09 -1.6991E+06 -4.5695E+06
0000253 3.5502E+09 5.4824E+06 1.2764E+07
0000254 3.5502E+09 -4.0818E+06 -3.0227E+06
0000255 3.5502E+09 -3.4358E+07 -1.0667E+07
0000256 3.5502E+09 -2.5887E+07 1.1303E+07
0000257 3.5502E+09 3.3821E+07 -1.6473E+07
0000258 3.5502E+09 -1.7457E+07 -1.2028E+07
0000259 3.5502E+09 -1.2183E+07 9.5152E+06
0000260 3.5502E+09 5.4601E+06 -2.7090E+07
0000261 3.5502E+09 -1.3599E+07 -3.8863E+06
0000262 3.5502E+09 -2.5491E+07 -1.9188E+06
0000263 3.5502E+09 -3.1137E+06 1.9956E+07
0000264 3.5502E+09 -5.9470E+06 -8.5869E+06
0000265 3.5502E+09 -2.3830E+07 -1.9121E+07
0000266 3.5502E+09 1.6150E+07 3.4974E+07
0000267 3.5502E+09 -5.3886E+06 6.7208E+06
0000268 3.5502E+09 -5.5296E+06 -9.0513E+06
0000269 3.5502E+09 -3.9051E+07 3.6135E+07
0000270 3.5502E+09 7.2631E+06 -6.7018E+06
0000271 3.5502E+09 -3.1108E+07 2.7575E+07
0000272 3.5502E+09 -8.4865E+06 7.6193E+06
0000273 3.5502E+09 5.4751E+06 6.6026E+05
0000274 3.5502E+09 -1.2522E+07 8.7567E+06
0000275 3.5502E+09 -1.9293E+07 -3.4506E+06
0000276 3.5502E+09 -8.3913E+06 9.9427E+06
0000277 3.5502E+09 3.0046E+07 4.5891E+07
0000278 3.5502E+09 -4.0441E+06 2.3377E+06
0000279 3.5502E+09 -1.2798E+07 -8.9820E+06
0000280 3.5502E+09 -3.4500E+07 1.4106E+07
0000281 3.5502E+09 -9.8927E+06 9.3580E+06
0000282 3.5502E+09 -2.3285E+07 -1.1147E+07
0000283 3.5502E+09 1.6476E+07 3.6628E+07
0000284 3.5502E+09 -2.4656E+07 -7.7980E+07
0000285 3.5502E+09 -3.2315E+07 1.9696E+07
0000286 3.5502E+09 -9.9391E+06 -3.0193E+07
0000287 3.5502E+09 -5.1084E+06 -6.1783E+06
0000288 3.5502E+09 2.8262E+07 6.8407E+06
0000289 3.5502E+09 1.2438E+07 -3.7679E+07
0000290 3.5502E+09 -1.2239E+07 -1.3813E+07
0000291 3.5502E+09 3.2692E+06 9.4900E+06
0000292 3.5502E+09 3.7418E+06 -1.0284E+07
0000293 3.5502E+09 -8.4836E+06 -5.5393E+06
0000294 3.5502E+09 -6.6406E+06 -1.6330E+07
0000295 3.5502E+09 1.0103E+07 -2.6393E+07
0000296 3.5502E+09 1.1037E+07 -5.4751E+06
0000297 3.5502E+09 -3.7279E+07 3.5138E+07
0000298 3.5502E+09 6.1067E+06 -7.7030E+05
0000299 3.5502E+09 -4.8013E+06 9.5111E+06
0000300 3.5502E+09 -4.5771E+07 -1.9980E+07
0000301 3.5502E+09 1.6601E+07 1.3258E+08
0000302 3.5502E+09 -1.5676E+07 5.2769E+06
0000303 3.5502E+09 -2.3821E+06 4.0401E+07
0000304 3.5502E+09 -1.6251E+07 1.2348E+07
0000305 3.5502E+09 1.6535E+07 5.5889E+06
0000306 3.5502E+09 7.0613E+05 -1.5028E+07
0000307 3.5502E+09 1.0543E+07 2.7053E+07
0000308 3.5502E+09 1.2811E+07 2.8988E+07
0000309 3.5502E+09 9.8896E+06 1.4851E+07
0000310 3.5502E+09 2.1817E+06 -3.6346E+06
0000311 3.5502E+09 2.3105E+07 7.2756E+06
0000312 3.5502E+09 -1.9835E+07 8.4697E+06
0000313 3.5502E+09 -1.2272E+06 9.6407E+06
0000314 3.5502E+09 -6.4931E+04 -3.1445E+07
0000315 3.5502E+09 3.5873E+06 1.3122E+07
0000316 3.5502E+09 -3.0094E+07 3.0329E+07
0000317 3.5502E+09 1.2755E+06 -1.3477E+07
0000318 3.5502E+09 -3.9155E+07 1.1197E+07
0000319 3.5502E+09 3.9484E+05 6.8793E+06
0000320 3.5502E+09 8.2939E+06 1.9237E+07
0000321 3.5502E+09 -4.4519E+06 1.5060E+07
0000322 3.5502E+09 -4.4373E+07 -5.4298E+06
0000323 3.5502E+09 -1.8058E+06 -1.9419E+07
0000324 3.5502E+09 -1.1786E+07 -1.4974E+07
0000325 3.5502E+09 -2.2454E+07 -1.5735E+07
0000326 3.5502E+09 2.8128E+07 -5.0335E+06
0000327 3.5502E+09 4.6223E+05 -1.5880E+06
0000328 3.5502E+09 5.1223E+07 -5.8034E+06
0000329 3.5502E+09 -2.4861E+07 1.6504E+07
0000330 3.5502E+09 -2.2194E+07 8.8861E+05
0000331 3.5502E+09 1.2475E+07 -9.8269E+06
0000332 3.5502E+09 2.8981E+07 -1.5424E+07
0000333 3.5502E+09 -5.9346E+06 2.9947E+06
0000334 3.5502E+09 -1.8471E+07 4.8166E+05
0000335 3.5502E+09 3.6392E+07 1.2090E+07
0000336 3.5502E+09 1.1286E+07 6.6485E+06
0000337 3.5502E+09 -4.9356E+06 -1.1654E+07
0000338 3.5502E+09 3.8633E+07 3.2340E+07
0000339 3.5502E+09 9.7978E+06 3.5701E+06
0000340 3.5502E+09 3.3707E+06 -5.0456E+06
0000341 3.5502E+09 -9.5938E+06 4.3312E+06
0000342 3.5502E+09 -2.5590E+07 -2.6243E+07
0000343 3.5502E+09 8.1365E+06 3.6503E+06
0000344 3.5502E+09 6.4041E+06 3.5148E+07
0000345 3.5502E+09 -9.7263E+06 1.0897E+06
0000346 3.5502E+09 6.7774E+06 -3.4098E+07
0000347 3.5502E+09 -2.5203E+06 -9.3909E+06
0000348 3.5502E+09 -1.0208E+07 -3.5371E+07
0000349 3.5502E+09 1.6034E+07 -1.2280E+07
0000350 3.5502E+09 1.7436E+07 2.2683E+07
0000351 3.5502E+09 5.8487E+06 -8.3583E+06
0000352 3.5502E+09 6.6063E+07 1.0043E+07
0000353 3.5502E+09 7.9707E+06 1.5381E+07
0000354 3.5502E+09 1.4253E+07 8.6403E+06
0000355 3.5502E+09 7.3803E+06 1.2019E+07
0000356 3.5502E+09 4.4549E+06 -4.5581E+06
0000357 3.5502E+09 -1.8226E+06 -1.2921E+07
0000358 3.5502E+09 4.5854E+06 -1.1087E+07
0000359 3.5502E+09 -3.1584E+07 6.9101E+05
0000360 3.5502E+09 -1.1713E+07 1.1625E+07
0000361 3.5502E+09 -2.7930E+07 -9.6495E+06
0000362 3.5502E+09 -1.8357E+06 4.2356E+05
0000363 3.5502E+09 4.0230E+07 1.6118E+07
0000364 3.5502E+09 -2.3392E+07 1.1773E+07
0000365 3.5502E+09 -1.2716E+07 -4.3694E+06
0000366 3.5502E+09 -2.0531E+07 2.1417E+07
0000367 3.5502E+09 8.0053E+06 9.2592E+06
0000368 3.5502E+09 3.5005E+06 -1.4988E+07
0000369 3.5502E+09 -6.6015E+06 1.9669E+07
0000370 3.5502E+09 -1.9023E+07 1.8673E+07
0000371 3.5502E+09 1.9676E+07 1.8102E+07
0000372 3.5502E+09 -1.2011E+07 -4.6125E+06
0000373 3.5502E+09 1.0380E+07 -1.2906E+07
0000374 3.5502E+09 1.8734E+07 -2.0551E+07
0000375 3.5502E+09 -1.8217E+07 -2.4305E+05
0000376 3.5502E+09 -2.0734E+07 3.4315E+07
0000377 3.5502E+09 -1.7032E+05 4.0129E+05
0000378 3.5502E+09 1.1718E+07 4.4440E+06
0000379 3.5502E+09 -2.8174E+06 1.2595E+07
0000380 3.5502E+09 -2.2725E+07 -2.6010E+06
0000381 3.5502E+09 6.8484E+07 3.6079E+07
0000382 3.5502E+09 4.1373E+07 3.9249E+06
0000383 3.5502E+09 -1.8670E+07 -1.2203E+08
0000384 3.5502E+09 -1.1392E+08 -2.1791E+07
0000385 3.5502E+09 2.0179E+07 1.9032E+06
0000386 3.5502E+09 -8.0529E+06 1.6440E+06
0000387 3.5502E+09 -8.2174E+05 -2.0507E+07
0000388 3.5502E+09 1.0671E+07 7.6945E+05
0000389 3.5502E+09 -1.0641E+06 -1.5930E+07
0000390 3.5502E+09 -8.2732E+06 -2.0876E+07
0000391 3.5502E+09 1.9395E+06 -6.6569E+06
0000392 3.5502E+09 2.0613E+07 -9.5718E+06
0000393 3.5502E+09 2.5584E+06 1.1338E+07
0000394 3.5502E+09 1.9418E+07 4.8880E+06
0000395 3.5502E+09 -5.1767E+07 3.0425E+07
0000396 3.5502E+09 4.7671E+06 -1.0425E+07
0000397 3.5502E+09 -2.0564E+06 -2.6623E+06
0000398 3.5502E+09 1.7945E+07 1.8073E+07
0000399 3.5502E+09 -2.9209E+07 -1.7963E+07
0000400 3.5502E+09 -2.9918E+07 1.6657E+07
0000401 3.5502E+09 3.9329E+06 1.6234E+07
0000402 3.5502E+09 -7.1105E+06 -1.5004E+06
0000403 3.5502E+09 -2.1326E+07 -1.3086E+07
0000404 3.5502E+09 -1.8447E+07 -1.4842E+07
0000405 3.5502E+09 1.8923E+07 3.3848E+04
0000406 3.5502E+09 8.3145E+06 -1.5604E+07
0000407 3.5502E+09 -3.3991E+07 1.1487E+07
0000408 3.5502E+09 -3.2857E+06 1.2634E+07
0000409 3.5502E+09 2.2313E+07 3.3168E+06
0000410 3.5502E+09 -2.4170E+07 7.3103E+06
0000411 3.5502E+09 1.0238E+08 -2.0042E+07
0000412 3.5502E+09 7.5545E+06 4.6926E+06
0000413 3.5502E+09 3.8379E+07 -7.0112E+06
0000414 3.5502E+09 -1.5818E+07 1.0920E+07
0000415 3.5502E+09 6.7837E+06 7.8660E+06
0000416 3.5502E+09 -2.0285E+07 -5.2920E+06
0000417 3.5502E+09 9.1655E+07 1.1520E+06
0000418 3.5502E+09 -3.3048E+07 1.4161E+07
0000419 3.5502E+09 -1.5490E+07 -1.7767E+06
0000420 3.5502E+09 1.4793E+08 -1.6046E+08
0000421 3.5502E+09 -3.6690E+06 -9.8822E+06
0000422 3.5502E+09 -8.7464E+06 4.6239E+06
0000423 3.5502E+09 4.7684E+06 -8.3377E+06
0000424 3.5502E+09 -5.0747E+06 3.0998E+07
0000425 3.5502E+09 -2.7581E+07 2.9506E+06
0000426 3.5502E+09 2.1351E+07 -2.1627E+07
0000427 3.5502E+09 -2.4220E+07 -1.4657E+07
0000428 3.5502E+09 5.8615E+06 -4.8222E+07
0000429 3.5502E+09 9.4328E+06 -2.1399E+07
0000430 3.5502E+09 3.9096E+07 -1.3106E+07
0000431 3.5502E+09 -5.2611E+06 2.4104E+07
0000432 3.5502E+09 -1.5322E+07 -4.4241E+07
0000433 3.5502E+09 1.1972E+07 -4.0554E+06
0000434 3.5502E+09 -2.2599E+07 -2.5148E+06
0000435 3.5502E+09 -8.0339E+06 1.2085E+07
0000436 3.5502E+09 -3.6444E+06 3.0337E+07
0000437 3.5502E+09 -2.2350E+07 1.6118E+07
0000438 3.5502E+09 2.7847E+07 6.2340E+06
0000439 3.5502E+09 -1.2148E+07 5.1902E+06
0000440 3.5502E+09 8.6130E+06 1.5370E+06
0000441 3.5502E+09 2.3088E+07 -3.1592E+06
0000442 3.5502E+09 -5.6215E+06 -1.9806E+07
0000443 3.5502E+09 -2.8633E+07 2.6552E+07
0000444 3.5502E+09 -1.9403E+06 -5.0015E+06
0000445 3.5502E+09 -3.2316E+06 -9.1713E+06
0000446 3.5502E+09 2.1788E+07 -5.0045E+07
0000447 3.5502E+09 2.2914E+07 5.2917E+06
0000448 3.5502E+09 -2.0565E+07 -2.6695E+07
0000449 3.5502E+09 7.9017E+06 3.3583E+07
0000450 3.5502E+09 -1.0835E+07 -3.4222E+07
0000451 3.5502E+09 3.4178E+07 6.5562E+05
0000452 3.5502E+09 -1.9458E+05 1.5507E+07
0000453 3.5502E+09 -1.1037E+07 -1.3743E+06
0000454 3.5502E+09 -1.3188E+07 3.3033E+06
0000455 3.5502E+09 1.7563E+07 2.1586E+07
0000456 3.5502E+09 5.6703E+06 -1.4528E+06
0000457 3.5502E+09 1.6277E+07 1.4909E+05
0000458 3.5502E+09 7.0749E+06 -1.0049E+07
0000459 3.5502E+09 2.3517E+07 -8.6156E+06
0000460 3.5502E+09 1.5100E+06 1.5870E+07
0000461 3.5502E+09 1.9758E+07 1.6838E+07
0000462 3.5502E+09 2.2620E+07 2.0381E+06
0000463 3.5502E+09 -8.9714E+06 -3.7113E+06
0000464 3.5502E+09 1.3440E+07 1.3846E+07
0000465 3.5502E+09 1.9238E+07 -1.6110E+07
0000466 3.5502E+09 -3.3450E+06 -1.2066E+07
0000467 3.5502E+09 -5.4945E+05 3.4217E+07
0000468 3.5502E+09 -3.6828E+06 -2.7482E+07
0000469 3.5502E+09 5.4043E+06 -1.0919E+07
0000470 3.5502E+09 3.6698E+05 4.1332E+06
0000471 3.5502E+09 5.3770E+07 2.2578E+07
0000472 3.5502E+09 4.8015E+06 2.2352E+07
0000473 3.5502E+09 3.5985E+07 1.4185E+07
0000474 3.5502E+09 3.3376E+07 1.3650E+07
0000475 3.5502E+09 1.5597E+07 3.3523E+07
0000476 3.5502E+09 9.8044E+06 -1.0177E+07
0000477 3.5502E+09 -2.4858E+07 2.7076E+07
0000478 3.5502E+09 -1.4789E+07 -4.9598E+06
0000479 3.5502E+09 1.5343E+07 -7.8046E+06
0000480 3.5502E+09 -1.0552E+06 2.1515E+07
0000481 3.5502E+09 8.1585E+06 1.2463E+07
0000482 3.5502E+09 -7.3583E+06 2.0270E+06
0000483 3.5502E+09 -6.7558E+06 6.5625E+03
0000484 3.5502E+09 -2.2399E+07 -3.1897E+07
0000485 3.5502E+09 -4.0488E+06 2.0135E+07
0000486 3.5502E+09 -1.0720E+07 1.3900E+07
0000487 3.5502E+09 1.1545E+07 6.9813E+06
0000488 3.5502E+09 6.8060E+06 1.0196E+07
0000489 3.5502E+09 7.7926E+06 -1.6725E+07
0000490 3.5502E+09 1.2397E+07 6.9500E+06
0000491 3.5502E+09 -3.5633E+07 2.6008E+07
0000492 3.5502E+09 1.4782E+07 1.3606E+07
0000493 3.5502E+09 1.2067E+07 7.5420E+06
0000494 3.5502E+09 1.5791E+07 -1.8991E+07
0000495 3.5502E+09 -2.8694E+07 -3.9013E+06
0000496 3.5502E+09 -1.2585E+07 1.7871E+06
0000497 3.5502E+09 1.1881E+07 -3.6585E+07
0000498 3.5502E+09 1.5872E+07 1.5970E+06
0000499 3.5502E+09 -9.4528E+06 -6.2486E+05
0000500 3.5502E+09 9.9279E+06 7.3297E+06
0000501 3.5502E+09 -3.1806E+06 -1.0878E+07
0000502 3.5502E+09 -3.1221E+07 8.4112E+06
0000503 3.5502E+09 2.5849E+07 1.5877E+08
0000504 3.5502E+09 5.0695E+05 -1.3191E+07
0000505 3.5502E+09 -4.1999E+06 6.5296E+06
0000506 3.5502E+09 -1.0756E+07 4.6230E+06
0000507 3.5502E+09 5.8855E+06 6.9973E+06
0000508 3.5502E+09 2.0278E+07 2.7988E+07
0000509 3.5502E+09 -2.7495E+07 -8.8990E+06
0000510 3.5502E+09 2.7553E+07 3.1212E+06
0000511 3.5502E+09 -2.6360E+07 -3.6451E+06
0000512 3.5502E+09 1.3742E+07 -5.6808E+07
0000513 3.5502E+09 -1.4786E+07 -1.6494E+07
0000514 3.5502E+09 3.7762E+04 1.0678E+07
0000515 3.5502E+09 6.0251E+06 -1.6698E+07
0000516 3.5502E+09 5.0673E+06 -4.1349E+06
0000517 3.5502E+09 4.7679E+06 -2.6102E+06
0000518 3.5502E+09 7.7738E+07 -1.4841E+08
0000519 3.5502E+09 2.6455E+07 8.8283E+06
0000520 3.5502E+09 -2.2911E+06 5.0414E+06
0000521 3.5502E+09 -5.7056E+06 -1.7988E+07
0000522 3.5502E+09 -2.5494E+07 -2.7854E+06
0000523 3.5502E+09 1.2528E+07 -2.4969E+07
0000524 3.5502E+09 -6.2466E+06 -8.5241E+06
0000525 3.5502E+09 -2.0721E+07 9.3048E+06
0000526 3.5502E+09 -6.8414E+06 1.3227E+04
0000527 3.5502E+09 2.0368E+07 4.5133E+07
0000528 3.5502E+09 -2.0141E+07 1.5623E+07
0000529 3.5502E+09 3.0031E+06 -9.9310E+06
0000530 3.5502E+09 -1.3892E+07 2.4003E+07
0000531 3.5502E+09 -5.3507E+06 6.1774E+06
0000532 3.5502E+09 -1.6917E+07 1.2986E+07
0000533 3.5502E+09 9.6479E+06 -2.5967E+07
0000534 3.5502E+09 5.3322E+06 -2.1643E+06
0000535 3.5502E+09 2.1357E+07 -1.9996E+06
0000536 3.5502E+09 -1.1906E+07 1.3772E+07
0000537 3.5502E+09 2.0229E+07 1.5145E+07
0000538 3.5502E+09 -2.8006E+07 1.1595E+07
0000539 3.5502E+09 -1.0379E+07 -3.0558E+07
0000540 3.5502E+09 1.6126E+07 1.8169E+07
0000541 3.5502E+09 4.3244E+06 2.9091E+06
0000542 3.5502E+09 -5.4566E+06 3.0418E+06
0000543 3.5502E+09 -1.4028E+07 1.0712E+07
0000544 3.5502E+09 -4.2256E+07 6.3046E+06
0000545 3.5502E+09 4.3585E+06 -1.0984E+06
0000546 3.5502E+09 1.6680E+07 1.5018E+07
0000547 3.5502E+09 -2.8691E+06 6.0348E+06
0000548 3.5502E+09 -6.4400E+07 1.3427E+07
0000549 3.5502E+09 -1.8680E+07 1.2971E+07
0000550 3.5502E+09 -1.9626E+07 7.5900E+06
0000551 3.5502E+09 2.1939E+07 5.6570E+06
0000552 3.5502E+09 1.9614E+07 9.8801E+06
0000553 3.5502E+09 -2.8616E+07 3.9933E+07
0000554 3.5502E+09 5.5868E+06 -6.8351E+06
0000555 3.5502E+09 -6.5697E+06 2.0001E+07
0000556 3.5502E+09 -1.0213E+06 -1.4816E+07
0000557 3.5502E+09 -4.1253E+07 4.5211E+07
0000558 3.5502E+09 1.9048E+07 -1.2888E+07
0000559 3.5502E+09 3.6488E+05 1.0598E+07
0000560 3.5502E+09 -1.9392E+07 -3.4079E+07
0000561 3.5502E+09 6.7113E+06 -5.6700E+07
0000562 3.5502E+09 -8.9726E+05 5.6976E+06
0000563 3.5502E+09 -8.6274E+06 -1.4646E+07
0000564 3.5502E+09 -4.3570E+06 -4.7038E+06
0000565 3.5502E+09 2.6998E+07 -1.9412E+07
0000566 3.5502E+09 -5.9150E+06 2.9954E+07
0000567 3.5502E+09 -1.5428E+07 -1.0634E+07
0000568 3.5502E+09 2.4436E+07 -6.4525E+06
0000569 3.5502E+09 -1.0495E+07 9.2395E+06
0000570 3.5502E+09 -6.1480E+06 5.2575E+06
0000571 3.5502E+09 6.1748E+07 -3.0655E+06
0000572 3.5502E+09 1.0787E+08 -4.7772E+07
0000573 3.5502E+09 -6.7536E+06 1.1214E+07
0000574 3.5502E+09 4.2868E+07 1.4402E+06
0000575 3.5502E+09 1.3687E+07 1.5732E+07
0000576 3.5502E+09 6.4844E+06 -1.3766E+07
0000577 3.5502E+09 -1.8382E+07 1.0080E+07
0000578 3.5502E+09 -2.8130E+07 -1.2528E+07
0000579 3.5502E+09 1.1005E+07 -1.0661E+07
0000580 3.5502E+09 1.1316E+07 2.2115E+07
0000581 3.5502E+09 -5.3979E+07 -4.7404E+06
0000582 3.5502E+09 -9.4721E+06 -1.2167E+07
0000583 3.5502E+09 2.5517E+07 -1.0402E+07
0000584 3.5502E+09 3.0351E+07 6.3834E+06
0000585 3.5502E+09 1.8146E+07 1.9909E+07
0000586 3.5502E+09 -1.3834E+07 -1.5765E+07
0000587 3.5502E+09 5.4164E+06 -6.0334E+07
0000588 3.5502E+09 -1.6813E+07 -1.2632E+06
0000589 3.5502E+09 2.1140E+07 9.3813E+06
0000590 3.5502E+09 5.9299E+06 1.2810E+07
0000591 3.5502E+09 -3.7144E+07 -3.9123E+07
0000592 3.5502E+09 -3.0767E+07 -2.4175E+07
0000593 3.5502E+09 2.0812E+06 -1.1265E+07
0000594 3.5502E+09 -6.2512E+06 -5.1046E+06
0000595 3.5502E+09 3.3476E+07 -3.4597E+07
0000596 3.5502E+09 -1.7784E+07 -1.7017E+07
0000597 3.5502E+09 9.4568E+06 -1.3663E+07
0000598 3.5502E+09 -2.0788E+07 1.4553E+07
0000599 3.5502E+09 -3.7134E+07 -3.4242E+07
0000600 3.5502E+09 5.0780E+06 -7.5442E+06
0000601 3.5502E+09 -1.8559E+07 -4.6330E+06
0000602 3.5502E+09 5.1759E+06 -1.4488E+07
0000603 3.5502E+09 -2.8695E+07 1.5756E+07
0000604 3.5502E+09 1.0177E+07 1.8152E+07
0000605 3.5502E+09 2.1349E+07 1.9356E+07
0000606 3.5502E+09 -2.6398E+06 -2.7811E+07
0000607 3.5502E+09 2.1976E+07 6.1504E+06
0000608 3.5502E+09 1.1506E+07 1.7583E+07
0000609 3.5502E+09 -5.4958E+07 1.1373E+07
0000610 3.5502E+09 1.0605E+07 -2.4460E+07
0000611 3.5502E+09 1.8669E+07 9.2704E+06
0000612 3.5502E+09 -4.4373E+06 -1.1622E+07
0000613 3.5502E+09 -3.0179E+05 4.4182E+06
0000614 3.5502E+09 -7.7126E+06 -1.7424E+07
0000615 3.5502E+09 5.9237E+06 3.8670E+06
0000616 3.5502E+09 1.9567E+07 -2.8996E+07
0000617 3.5502E+09 5.9032E+05 1.0855E+07
0000618 3.5502E+09 1.4279E+07 3.1920E+07
0000619 3.5502E+09 1.8215E+07 3.0925E+07
0000620 3.5502E+09 4.9920E+06 -3.0518E+07
0000621 3.5502E+09 3.6088E+07 -6.2578E+06
0000622 3.5502E+09 -3.6338E+06 1.1059E+07
0000623 3.5502E+09 -3.9495E+07 -2.8850E+06
0000624 3.5502E+09 -1.3438E+07 -1.3044E+07
0000625 3.5502E+09 -7.2218E+06 2.7257E+07
0000626 3.5502E+09 1.0032E+07 3.3675E+06
0000627 3.5502E+09 8.3546E+05 -1.4829E+07
0000628 3.5502E+09 3.9144E+07 5.5669E+06
0000629 3.5502E+09 4.1461E+06 -8.1565E+06
0000630 3.5502E+09 -5.5485E+06 1.6116E+07
0000631 3.5502E+09 7.0302E+06 8.9122E+07
0000632 3.5502E+09 1.1466E+07 -1.1887E+07
0000633 3.5502E+09 1.8937E+07 3.0521E+06
0000634 3.5502E+09 3.5653E+06 9.1509E+06
0000635 3.5502E+09 -4.2093E+06 8.8983E+06
0000636 3.5502E+09 7.3590E+06 4.5302E+07
0000637 3.5502E+09 2.3435E+06 2.6300E+07
0000638 3.5502E+09 -8.1691E+06 -3.3471E+05
0000639 3.5502E+09 1.7939E+07 -1.2831E+07
0000640 3.5502E+09 1.3145E+07 2.4982E+07
0000641 3.5502E+09 -3.4634E+07 8.4178E+06
0000642 3.5502E+09 1.2602E+07 1.8492E+07
0000643 3.5502E+09 -4.4202E+06 2.1921E+07
0000644 3.5502E+09 -4.7504E+06 -2.4279E+06
0000645 3.5502E+09 4.3460E+06 5.3890E+06
0000646 3.5502E+09 2.3865E+07 9.8613E+06
0000647 3.5502E+09 -1.3462E+07 6.3855E+06
0000648 3.5502E+09 1.4845E+06 1.1126E+07
0000649 3.5502E+09 -9.0796E+06 2.5217E+07
0000650 3.5502E+09 2.3864E+07 2.1483E+07
0000651 3.5502E+09 -1.6724E+07 -2.6905E+07
0000652 3.5502E+09 -1.1320E+07 -3.0085E+06
0000653 3.5502E+09 1.1740E+07 -6.2879E+06
0000654 3.5502E+09 -1.5615E+06 -1.1789E+07
0000655 3.5502E+09 2.9042E+06 1.1829E+07
0000656 3.5502E+09 1.1378E+07 -1.0100E+07
0000657 3.5502E+09 -2.9386E+07 -7.7601E+06
0000658 3.5502E+09 -5.4587E+06 1.5298E+07
0000659 3.5502E+09 1.8630E+07 -6.8380E+06
0000660 3.5502E+09 -1.4362E+07 -1.0601E+07
0000661 3.5502E+09 -2.4256E+07 1.1490E+07
0000662 3.5502E+09 1.3435E+07 -2.2847E+06
0000663 3.5502E+09 -5.9686E+04 2.3848E+07
0000664 3.5502E+09 -2.0355E+07 -1.2202E+07
0000665 3.5502E+09 7.2152E+06 1.9543E+07
0000666 3.5502E+09 1.8595E+07 6.6194E+06
0000667 3.5502E+09 8.3527E+06 9.4136E+07
0000668 3.5502E+09 1.5318E+07 1.2377E+07
0000669 3.5502E+09 -2.4536E+07 3.3526E+07
0000670 3.5502E+09 -1.0605E+07 1.3462E+07
0000671 3.5502E+09 1.1355E+07 9.4351E+06
0000672 3.5502E+09 -4.2124E+06 -1.2446E+07
0000673 3.5502E+09 -3.7958E+07 -1.3065E+07
0000674 3.5502E+09 4.1380E+07 1.1168E+07
0000675 3.5502E+09 -1.2991E+07 2.9113E+07
0000676 3.5502E+09 -3.7725E+06 5.6518E+04
0000677 3.5502E+09 -8.7638E+06 2.8122E+06
0000678 3.5502E+09 3.4619E+06 -4.2143E+07
0000679 3.5502E+09 3.3668E+06 -7.9152E+07
0000680 3.5502E+09 -2.9193E+07 1.0354E+07
0000681 3.5502E+09 1.6742E+07 1.0763E+05
0000682 3.5502E+09 3.3320E+06 1.8044E+06
0000683 3.5502E+09 -4.8876E+06 4.9971E+06
0000684 3.5502E+09 -2.2970E+07 9.4596E+05
0000685 3.5502E+09 -2.4483E+07 5.0302E+06
0000686 3.5502E+09 -2.0297E+07 -1.3648E+07
0000687 3.5502E+09 1.5259E+07 1.8238E+07
0000688 3.5502E+09 1.2569E+07 -1.9778E+07
0000689 3.5502E+09 -2.1992E+07 -1.2145E+07
0000690 3.5502E+09 -1.1673E+07 9.6212E+06
0000691 3.5502E+09 2.6471E+07 -8.7416E+06
0000692 3.5502E+09 -3.4376E+07 6.1344E+07
0000693 3.5502E+09 -2.9746E+07 2.6654E+07
0000694 3.5502E+09 2.4826E+07 3.0322E+06
0000695 3.5502E+09 -2.2337E+07 -2.2471E+07
0000696 3.5502E+09 3.1631E+07 -1.8259E+07
0000697 3.5502E+09 -2.3196E+07 1.1489E+07
0000698 3.5502E+09 5.9967E+06 4.0346E+06
0000699 3.5502E+09 1.3417E+08 -4.7760E+07
0000700 3.5502E+09 1.9439E+07 -8.4521E+05
0000701 3.5502E+09 2.1682E+07 8.3926E+06
0000702 3.5502E+09 -1.3464E+07 -1.6414E+07
0000703 3.5502E+09 5.4552E+06 -1.3671E+06
0000704 3.5502E+09 -1.5532E+07 3.5611E+07
0000705 3.5502E+09 9.6197E+06 4.7656E+07
0000706 3.5502E+09 1.1971E+07 1.3252E+07
0000707 3.5502E+09 -9.4475E+05 1.9635E+07
0000708 3.5502E+09 -7.5946E+06 5.2036E+05
0000709 3.5502E+09 2.5685E+06 -2.9410E+07
0000710 3.5502E+09 -2.8359E+06 6.4557E+07
0000711 3.5502E+09 5.7745E+06 2.0847E+07
0000712 3.5502E+09 -2.1162E+07 1.1069E+07
0000713 3.5502E+09 7.2522E+06 -1.4101E+07
0000714 3.5502E+09 1.2058E+07 9.3898E+06
0000715 3.5502E+09 2.4631E+07 -5.8193E+06
0000716 3.5502E+09 -6.2587E+06 -1.1844E+07
0000717 3.5502E+09 2.5821E+07 -8.3098E+06
0000718 3.5502E+09 -4.2267E+06 4.9390E+06
0000719 3.5502E+09 1.0520E+07 -2.0267E+07
0000720 3.5502E+09 2.5712E+07 -1.1824E+07
0000721 3.5502E+09 -3.2084E+06 -9.5163E+06
0000722 3.5502E+09 4.2944E+07 6.1366E+07
0000723 3.5502E+09 2.9310E+07 1.4283E+06
0000724 3.5502E+09 1.3671E+07 -2.3811E+07
0000725 3.5502E+09 7.4248E+06 8.6991E+06
0000726 3.5502E+09 1.9300E+07 -6.0526E+06
0000727 3.5502E+09 1.3235E+06 -1.5044E+07
0000728 3.5502E+09 2.0160E+06 4.0696E+07
0000729 3.5502E+09 5.2840E+06 1.9039E+07
0000730 3.5502E+09 1.1426E+07 2.7955E+07
0000731 3.5502E+09 -6.3252E+06 -2.1564E+07
0000732 3.5502E+09 -9.0148E+06 2.9230E+07
0000733 3.5502E+09 4.0593E+06 2.7472E+07
0000734 3.5502E+09 5.2763E+07 3.9331E+05
0000735 3.5502E+09 6.5146E+06 1.6215E+07
0000736 3.5502E+09 -4.4328E+06 4.9500E+06
0000737 3.5502E+09 -2.5090E+07 2.7030E+07
0000738 3.5502E+09 7.8920E+06 8.4362E+06
0000739 3.5502E+09 1.5131E+07 -4.0312E+06
0000740 3.5502E+09 4.4373E+07 2.2963E+07
0000741 3.5502E+09 1.5604E+07 9.2206E+05
0000742 3.5502E+09 5.5974E+06 -4.2583E+06
0000743 3.5502E+09 1.2518E+07 -4.9495E+07
0000744 3.5502E+09 2.7267E+06 2.8350E+07
0000745 3.5502E+09 -8.9717E+06 -1.3232E+06
0000746 3.5502E+09 1.0139E+07 1.0175E+07
0000747 3.5502E+09 1.1319E+07 -2.3867E+07
0000748 3.5502E+09 -3.6641E+07 -4.2884E+07
0000749 3.5502E+09 4.8560E+07 7.1480E+07
0000750 3.5502E+09 8.6596E+06 2.0524E+07
0000751 3.5502E+09 9.1546E+07 8.9956E+07
0000752 3.5502E+09 4.2959E+06 -1.7494E+07
0000753 3.5502E+09 -3.1519E+04 -1.8615E+07
0000754 3.5502E+09 -1.8199E+07 3.3297E+07
0000755 3.5502E+09 1.8263E+07 -2.4392E+07
0000756 3.5502E+09 -1.8078E+07 -2.1880E+07
0000757 3.5502E+09 1.1169E+07 3.6997E+07
0000758 3.5502E+09 -2.1091E+07 3.3313E+07
0000759 3.5502E+09 1.6924E+06 -2.1782E+06
0000760 3.5502E+09 3.7882E+07 -2.3639E+07
0000761 3.5502E+09 6.2479E+06 -2.5212E+07
0000762 3.5502E+09 -1.7324E+07 6.9175E+06
0000763 3.5502E+09 1.5011E+07 -1.9341E+07
0000764 3.5502E+09 3.9741E+07 -5.2002E+07
0000765 3.5502E+09 -6.3211E+06 3.9381E+05
0000766 3.5502E+09 3.9517E+06 -1.1067E+07
0000767 3.5502E+09 -2.0400E+07 -4.2152E+06
0000768 3.5502E+09 -4.1823E+06 7.2110E+06
0000769 3.5502E+09 2.5096E+07 -2.0070E+07
0000770 3.5502E+09 1.0464E+07 -1.4059E+07
0000771 3.5502E+09 4.0241E+07 -2.5254E+07
0000772 3.5502E+09 3.4762E+06 -2.0086E+07
0000773 3.5502E+09 2.4929E+07 -2.6991E+07
0000774 3.5502E+09 2.4798E+07 -1.4577E+07
0000775 3.5502E+09 -4.5493E+06 -2.1419E+07
0000776 3.5502E+09 -1.5078E+07 -1.1734E+07
0000777 3.5502E+09 5.3606E+05 2.5665E+07
0000778 3.5502E+09 -1.2689E+06 -1.1929E+07
0000779 3.5502E+09 -7.1670E+06 -2.6645E+07
0000780 3.5502E+09 -3.6598E+07 -6.2632E+06
0000781 3.5502E+09 -1.9952E+06 -2.0850E+07
0000782 3.5502E+09 2.1228E+07 -2.3786E+06
0000783 3.5502E+09 -3.4828E+06 9.3844E+06
0000784 3.5502E+09 -2.3839E+06 3.8911E+07
0000785 3.5502E+09 -1.9148E+07 -1.8667E+06
0000786 3.5502E+09 -2.4750E+07 1.0606E+07
0000787 3.5502E+09 1.4424E+07 3.2126E+07
0000788 3.5502E+09 -7.3254E+06 -5.6348E+07
0000789 3.5502E+09 -1.0588E+07 -7.5552E+06
0000790 3.5502E+09 -6.2921E+06 -5.6560E+06
0000791 3.5502E+09 -2.2606E+07 -1.8291E+07
0000792 3.5502E+09 1.4167E+07 -2.6276E+07
0000793 3.5502E+09 7.2164E+06 -1.7168E+07
0000794 3.5502E+09 -1.1337E+07 1.9093E+07
0000795 3.5502E+09 -5.5100E+06 -1.4900E+07
0000796 3.5502E+09 -4.0036E+07 4.5211E+07
0000797 3.5502E+09 4.4767E+07 1.9765E+07
0000798 3.5502E+09 -1.2300E+07 1.4465E+06
0000799 3.5502E+09 -5.8756E+06 7.5860E+06
0000800 3.5502E+09 -7.3033E+05 1.9778E+07
0000801 3.5502E+09 6.9186E+06 -4.5461E+06
0000802 3.5502E+09 1.1964E+06 -1.9399E+07
0000803 3.5502E+09 -4.5842E+07 -2.1786E+07
0000804 3.5502E+09 1.9898E+07 -1.5723E+07
0000805 3.5502E+09 -6.2076E+07 -2.4275E+06
0000806 3.5502E+09 5.9286E+06 -1.3677E+07
0000807 3.5502E+09 -3.8420E+06 2.7682E+07
0000808 3.5502E+09 1.6476E+07 1.6541E+07
0000809 3.5502E+09 -7.7417E+06 -1.7541E+07
0000810 3.5502E+09 7.0782E+06 -3.7260E+06
0000811 3.5502E+09 2.8047E+07 9.0824E+06
0000812 3.5502E+09 -1.2484E+07 -1.1700E+07
0000813 3.5502E+09 2.6403E+07 -4.9004E+06
0000814 3.5502E+09 -8.9898E+05 3.6313E+05
0000815 3.5502E+09 1.1808E+06 -6.2179E+05
0000816 3.5502E+09 -1.7228E+06 8.6781E+06
0000817 3.5502E+09 -1.1339E+07 3.1394E+06
0000818 3.5502E+09 4.6651E+06 -2.0262E+07
0000819 3.5502E+09 2.8214E+07 2.5684E+07
0000820 3.5502E+09 -3.2694E+07 2.7395E+07
0000821 3.5502E+09 1.2766E+07 -1.4552E+07
0000822 3.5502E+09 -6.7157E+06 1.6546E+07
0000823 3.5502E+09 -1.5158E+07 1.1376E+07
0000824 3.5502E+09 3.1257E+06 -6.9314E+06
0000825 3.5502E+09 -8.2595E+06 -2.8573E+07
0000826 3.5502E+09 1.3460E+07 -4.6425E+06
0000827 3.5502E+09 6.8288E+06 -2.8376E+07
0000828 3.5502E+09 4.8737E+06 -4.5124E+07
0000829 3.5502E+09 4.2786E+07 -1.2457E+07
0000830 3.5502E+09 1.1581E+07 8.8177E+06
0000831 3.5502E+09 1.0875E+07 -1.8284E+07
0000832 3.5502E+09 -2.0486E+05 -3.3717E+06
0000833 3.5502E+09 5.9311E+06 -1.9696E+07
0000834 3.5502E+09 4.6578E+07 2.9863E+07
0000835 3.5502E+09 1.3700E+07 1.9213E+06
0000836 3.5502E+09 -3.5489E+06 1.0013E+07
0000837 3.5502E+09 -1.1012E+07 -1.5054E+07
0000838 3.5502E+09 -1.2875E+07 -1.5875E+07
0000839 3.5502E+09 3.7290E+06 -2.1976E+07
0000840 3.5502E+09 4.7686E+07 1.4566E+07
0000841 3.5502E+09 -1.0511E+07 -6.2026E+06
0000842 3.5502E+09 -3.0410E+07 -9.8290E+05
0000843 3.5502E+09 3.9501E+07 -1.1823E+07
0000844 3.5502E+09 -2.6713E+07 -1.1078E+07
0000845 3.5502E+09 1.6884E+06 3.8403E+06
0000846 3.5502E+09 6.6891E+07 -5.8369E+07
0000847 3.5502E+09 -9.3382E+06 3.6792E+07
0000848 3.5502E+09 2.6496E+07 -1.4526E+07
0000849 3.5502E+09 -3.0272E+07 4.9491E+06
0000850 3.5502E+09 5.0989E+07 -1.0309E+07
0000851 3.5502E+09 4.1871E+06 9.0796E+06
0000852 3.5502E+09 -8.0312E+05 -2.2877E+06
0000853 3.5502E+09 -1.9812E+07 -3.6410E+05
0000854 3.5502E+09 1.0375E+07 5.0058E+06
0000855 3.5502E+09 -1.0136E+07 4.2022E+07
0000856 3.5502E+09 -1.0845E+07 -8.5017E+05
0000857 3.5502E+09 3.5039E+07 -1.3305E+06
0000858 3.5502E+09 7.0290E+04 1.5542E+07
0000859 3.5502E+09 -5.2719E+05 7.3023E+06
0000860 3.5502E+09 -3.4879E+07 1.0883E+08
0000861 3.5502E+09 3.9953E+06 3.8145E+06
0000862 3.5502E+09 -2.3157E+06 1.7299E+07
0000863 3.5502E+09 7.6857E+06 5.9913E+05
0000864 3.5502E+09 1.6988E+07 -1.8546E+07
0000865 3.5502E+09 6.5840E+07 -2.9260E+07
0000866 3.5502E+09 7.3869E+06 -1.6475E+07
0000867 3.5502E+09 -1.2450E+07 -1.0552E+07
0000868 3.5502E+09 2.2134E+07 8.8277E+05
0000869 3.5502E+09 -1.2776E+07 -1.9497E+07
0000870 3.5502E+09 6.4374E+06 1.7906E+07
0000871 3.5502E+09 -2.4104E+07 -6.7260E+06
0000872 3.5502E+09 -1.7129E+07 -1.0413E+07
0000873 3.5502E+09 5.5010E+06 -4.1262E+06
0000874 3.5502E+09 -2.9878E+07 -1.8318E+07
0000875 3.5502E+09 8.1246E+05 3.3460E+07
0000876 3.5502E+09 -3.4995E+06 -7.7491E+06
0000877 3.5502E+09 2.4291E+07 -1.5192E+07
0000878 3.5502E+09 6.7852E+06 -1.5976E+07
0000879 3.5502E+09 -4.6316E+06 -2.4857E+07
0000880 3.5502E+09 2.5036E+07 -2.4930E+06
0000881 3.5502E+09 -1.0762E+07 -1.8075E+07
0000882 3.5502E+09 7.7403E+06 -9.8389E+06
0000883 3.5502E+09 -1.9267E+07 4.6126E+06
0000884 3.5502E+09 -5.2675E+06 2.2179E+07
0000885 3.5502E+09 -3.3816E+07 4.3459E+07
0000886 3.5502E+09 -4.8723E+06 -1.5707E+07
0000887 3.5502E+09 1.1153E+07 3.5515E+06
0000888 3.5502E+09 -7.1825E+06 -2.8873E+07
0000889 3.5502E+09 4.0997E+07 1.4375E+07
0000890 3.5502E+09 3.3736E+07 1.5421E+07
0000891 3.5502E+09 1.0946E+07 3.7081E+05
0000892 3.5502E+09 2.0844E+07 1.1931E+07
0000893 3.5502E+09 -2.9023E+07 -1.3362E+07
0000894 3.5502E+09 -1.8051E+07 1.9522E+07
0000895 3.5502E+09 -2.1410E+07 4.2351E+06
0000896 3.5502E+09 2.6479E+06 8.7938E+06
0000897 3.5502E+09 3.8503E+07 -1.3854E+07
0000898 3.5502E+09 7.0942E+06 2.4345E+07
0000899 3.5502E+09 -2.9711E+06 1.0546E+06
0000900 3.5502E+09 1.2530E+07 -3.5517E+07
0000901 3.5502E+09 7.5703E+06 2.2542E+06
0000902 3.5502E+09 -1.0033E+07 -1.5036E+06
0000903 3.5502E+09 -1.1847E+07 2.0634E+07
0000904 3.5502E+09 -1.8215E+07 -1.0404E+07
0000905 3.5502E+09 -2.2217E+07 -2.2446E+07
0000906 3.5502E+09 -3.6695E+06 -4.4835E+07
0000907 3.5502E+09 7.9715E+05 2.4894E+07
0000908 3.5502E+09 8.8824E+06 -3.0915E+07
0000909 3.5502E+09 -9.3545E+06 1.0736E+07
0000910 3.5502E+09 3.9061E+07 -3.3323E+07
0000911 3.5502E+09 8.2357E+06 2.9391E+06
0000912 3.5502E+09 5.6660E+07 -1.0385E+07
0000913 3.5502E+09 -1.5106E+07 -3.6957E+06
0000914 3.5502E+09 -5.1470E+07 1.2352E+06
0000915 3.5502E+09 -3.5023E+06 -4.5964E+06
0000916 3.5502E+09 2.0435E+07 -8.6700E+06
0000917 3.5502E+09 -3.1201E+06 -2.6775E+07
0000918 3.5502E+09 -2.4853E+07 3.6393E+07
0000919 3.5502E+09 2.1196E+07 3.1581E+07
0000920 3.5502E+09 -3.2042E+07 1.5090E+06
0000921 3.5502E+09 -1.8297E+07 -1.5550E+07
0000922 3.5502E+09 -7.7401E+06 4.1074E+07
0000923 3.5502E+09 -1.8570E+06 -2.6131E+06
0000924 3.5502E+09 7.0191E+06 1.7649E+07
0000925 3.5502E+09 -1.1196E+07 1.4054E+07
0000926 3.5502E+09 -1.8414E+06 -7.4409E+06
0000927 3.5502E+09 -2.2005E+07 1.0290E+07
0000928 3.5502E+09 1.8447E+07 1.1298E+07
0000929 3.5502E+09 6.0939E+07 -3.1777E+07
0000930 3.5502E+09 -2.7528E+06 9.5261E+06
0000931 3.5502E+09 -3.3631E+07 1.9762E+06
0000932 3.5502E+09 1.0279E+07 2.4228E+07
0000933 3.5502E+09 5.4873E+07 -2.4054E+06
0000934 3.5502E+09 -2.3864E+07 8.0971E+06
0000935 3.5502E+09 2.6976E+07 -1.0107E+07
0000936 3.5502E+09 -8.6540E+06 -9.0574E+06
0000937 3.5502E+09 2.0090E+07 -1.2835E+07
0000938 3.5502E+09 -2.8024E+07 9.3414E+06
0000939 3.5502E+09 2.0991E+07 2.2618E+07
0000940 3.5502E+09 -1.7058E+07 1.9883E+07
0000941 3.5502E+09 -4.7787E+05 1.2281E+07
0000942 3.5502E+09 -1.0180E+07 3.4965E+06
0000943 3.5502E+09 1.6384E+07 1.4711E+07
0000944 3.5502E+09 1.5253E+07 -2.0437E+07
0000945 3.5502E+09 4.8739E+07 -8.7891E+06
0000946 3.5502E+09 4.4192E+06 7.5855E+06
0000947 3.5502E+09 2.5011E+06 -1.1444E+07
0000948 3.5502E+09 -2.8407E+06 1.3185E+06
0000949 3.5502E+09 -1.3002E+07 -2.0616E+07
0000950 3.5502E+09 2.6558E+06 3.2681E+07
0000951 3.5502E+09 -6.3659E+06 6.2927E+06
0000952 3.5502E+09 1.1482E+07 1.9708E+07
0000953 3.5502E+09 -1.1678E+07 -5.8062E+05
0000954 3.5502E+09 -2.4692E+07 1.2058E+07
0000955 3.5502E+09 -2.4216E+07 1.0852E+07
0000956 3.5502E+09 -3.0790E+07 -2.0909E+07
0000957 3.5502E+09 -1.0350E+08 1.7422E+06
0000958 3.5502E+09 -1.2597E+07 3.6332E+07
0000959 3.5502E+09 -2.5702E+07 2.8593E+06
0000960 3.5502E+09 -2.1690E+06 -6.7951E+06
0000961 3.5502E+09 -1.5257E+07 -1.7074E+06
0000962 3.5502E+09 -8.1165E+06 -1.0672E+07
0000963 3.5502E+09 9.3778E+06 4.6989E+07
0000964 3.5502E+09 4.3304E+06 2.2151E+07
0000965 3.5502E+09 -2.8193E+07 1.2837E+07
0000966 3.5502E+09 -1.0150E+07 4.4560E+07
0000967 3.5502E+09 3.3882E+07 1.0970E+07
0000968 3.5502E+09 2.8756E+06 4.2030E+07
0000969 3.5502E+09 7.5351E+06 -2.9212E+06
0000970 3.5502E+09 1.0752E+07 1.6598E+07
0000971 3.5502E+09 -3.7759E+07 -4.9301E+07
0000972 3.5502E+09 1.4084E+07 1.0224E+07
0000973 3.5502E+09 7.2108E+06 -1.0283E+07
0000974 3.5502E+09 6.9477E+05 4.1326E+06
0000975 3.5502E+09 -1.1997E+07 4.9250E+06
0000976 3.5502E+09 -2.4365E+07 -4.3568E+07
0000977 3.5502E+09 1.4423E+06 7.6037E+06
0000978 3.5502E+09 9.3466E+06 -1.0120E+06
0000979 3.5502E+09 -2.0393E+07 2.0222E+07
0000980 3.5502E+09 1.4040E+07 -6.2723E+06
0000981 3.5502E+09 5.3306E+06 1.2456E+06
0000982 3.5502E+09 -2.2767E+07 -1.9720E+07
0000983 3.5502E+09 4.9651E+07 -1.5979E+07
0000984 3.5502E+09 -2.0875E+07 -1.2764E+06
0000985 3.5502E+09 -2.0554E+07 -9.7550E+06
0000986 3.5502E+09 3.9271E+07 3.0811E+06
0000987 3.5502E+09 6.3474E+06 2.1453E+06
0000988 3.5502E+09 -9.4545E+06 3.4523E+07
0000989 3.5502E+09 2.6075E+07 2.0431E+07
0000990 3.5502E+09 -1.8413E+07 3.6057E+07
0000991 3.5502E+09 -7.8338E+07 -1.1481E+07
0000992 3.5502E+09 2.3606E+07 -1.3978E+07
0000993 3.5502E+09 2.0879E+06 1.7573E+06
0000994 3.5502E+09 -2.6316E+07 1.4254E+07
0000995 3.5502E+09 2.5812E+07 -2.5172E+07
0000996 3.5502E+09 -1.1678E+06 1.2279E+06
0000997 3.5502E+09 2.2351E+07 -4.3774E+06
0000998 3.5502E+09 -3.7271E+06 5.2169E+07
0000999 3.5502E+09 1.7939E+07 -9.9351E+05
0001000 3.5502E+09 -5.4652E+07 -1.4289E+06
0001001 3.5502E+09 3.3355E+07 9.0125E+06
0001002 3.5502E+09 1.0673E+07 -2.2936E+06
0001003 3.5502E+09 4.9524E+06 -9.9353E+06
0001004 3.5502E+09 -2.9485E+07 -1.5415E+07
0001005 3.5502E+09 6.6464E+06 -4.2096E+06
0001006 3.5502E+09 -2.3011E+07 2.1777E+07
0001007 3.5502E+09 1.4031E+07 -1.9562E+07
0001008 3.5502E+09 -2.1797E+07 -1.8939E+07
0001009 3.5502E+09 -3.0452E+06 -8.8462E+06
0001010 3.5502E+09 6.7248E+06 -2.8982E+07
0001011 3.5502E+09 -7.6053E+05 5.8141E+06
0001012 3.5502E+09 2.2769E+07 -2.9533E+07
0001013 3.5502E+09 -5.0081E+06 5.4322E+07
0001014 3.5502E+09 6.4065E+06 -1.4750E+06
0001015 3.5502E+09 1.6816E+07 2.0495E+07
0001016 3.5502E+09 -1.6104E+07 6.0089E+05
0001017 3.5502E+09 3.3240E+07 4.4041E+07
0001018 3.5502E+09 -1.8051E+06 5.6556E+06
0001019 3.5502E+09 -2.0770E+07 -1.8994E+07
0001020 3.5502E+09 8.3086E+06 2.3350E+07
0001021 3.5502E+09 8.3006E+06 1.2675E+06
0001022 3.5502E+09 5.0670E+06 1.6470E+07
0001023 3.5502E+09 2.0704E+07 2.9345E+07
0001024 3.5502E+09 -1.8610E+07 -1.0839E+07
0001025 3.5502E+09 3.0748E+07 -1.2078E+07
0001026 3.5502E+09 -6.4702E+06 2.1354E+06
0001027 3.5502E+09 5.9926E+05 2.0047E+06
0001028 3.5502E+09 1.1108E+06 -1.0865E+07
0001029 3.5502E+09 -1.3346E+07 -7.4372E+06
0001030 3.5502E+09 -9.0091E+07 3.8562E+07
0001031 3.5502E+09 -3.4817E+07 5.1158E+06
0001032 3.5502E+09 3.2982E+07 -2.9396E+07
0001033 3.5502E+09 8.9658E+06 -1.9019E+07
0001034 3.5502E+09 -1.8163E+07 2.0492E+06
0001035 3.5502E+09 3.0618E+06 -9.7827E+06
0001036 3.5502E+09 2.1389E+07 2.3387E+06
0001037 3.5502E+09 -2.3304E+07 -3.1240E+07
0001038 3.5502E+09 -1.6602E+07 4.5088E+07
0001039 3.5502E+09 2.0330E+07 1.3751E+07
0001040 3.5502E+09 -1.5482E+06 9.8585E+06
0001041 3.5502E+09 -3.0736E+06 7.3695E+06
0001042 3.5502E+09 1.1954E+07 -5.0419E+07
0001043 3.5502E+09 1.5775E+06 4.4684E+05
0001044 3.5502E+09 1.3133E+07 -1.5893E+06
0001045 3.5502E+09 -2.1111E+07 2.1837E+06
0001046 3.5502E+09 -1.1428E+07 6.2996E+06
0001047 3.5502E+09 3.6718E+07 2.5170E+07
0001048 3.5502E+09 5.0458E+07 3.2813E+06
0001049 3.5502E+09 -8.3341E+06 2.6232E+07
0001050 3.5502E+09 3.6280E+07 2.2713E+07
0001051 3.5502E+09 -1.2998E+07 -1.0105E+07
0001052 3.5502E+09 -9.5188E+06 2.0417E+07
0001053 3.5502E+09 1.5724E+07 -2.0527E+07
0001054 3.5502E+09 1.1475E+07 3.5028E+07
0001055 3.5502E+09 -3.1355E+07 6.8338E+06
0001056 3.5502E+09 1.3814E+05 4.1542E+07
0001057 3.5502E+09 8.8097E+06 1.1104E+07
0001058 3.5502E+09 6.9858E+06 1.4096E+07
0001059 3.5502E+09 -1.3588E+07 -3.5106E+07
0001060 3.5502E+09 5.1328E+06 -1.2201E+07
0001061 3.5502E+09 -2.6569E+06 1.0145E+07
0001062 3.5502E+09 9.0095E+06 -2.1311E+07
0001063 3.5502E+09 5.3953E+06 7.3479E+06
0001064 3.5502E+09 1.2886E+07 2.8839E+07
0001065 3.5502E+09 -1.7542E+07 4.6315E+07
0001066 3.5502E+09 7.6599E+06 4.2351E+05
0001067 3.5502E+09 -4.5781E+06 -2.4134E+07
0001068 3.5502E+09 6.8717E+05 -1.9287E+07
0001069 3.5502E+09 1.9282E+07 4.3410E+07
0001070 3.5502E+09 -8.8229E+06 -3.0344E+07
0001071 3.5502E+09 -8.1306E+06 1.4045E+07
0001072 3.5502E+09 1.8997E+07 -1.8135E+06
0001073 3.5502E+09 -2.1707E+07 -1.3382E+07
0001074 3.5502E+09 2.6338E+07 3.2488E+07
0001075 3.5502E+09 -3.1074E+07 -2.9301E+07
0001076 3.5502E+09 -3.1390E+06 -6.5201E+07
0001077 3.5502E+09 1.9615E+07 -9.2681E+06
0001078 3.5502E+09 -1.3813E+06 2.4520E+07
0001079 3.5502E+09 3.1697E+07 -2.6782E+07
0001080 3.5502E+09 9.5197E+06 2.5496E+07
0001081 3.5502E+09 2.3092E+07 1.0882E+07
0001082 3.5502E+09 1.6058E+06 3.3585E+06
0001083 3.5502E+09 2.1677E+06 -2.9322E+06
0001084 3.5502E+09 -1.5574E+06 -6.3766E+06
0001085 3.5502E+09 1.0846E+06 -1.3333E+07
0001086 3.5502E+09 -2.5906E+07 6.3275E+06
0001087 3.5502E+09 -1.2718E+07 1.8436E+07
0001088 3.5502E+09 -3.5736E+06 -1.8252E+07
0001089 3.5502E+09 -1.4587E+07 3.3758E+07
0001090 3.5502E+09 -2.7428E+06 1.1340E+07
0001091 3.5502E+09 1.9385E+07 -3.5032E+07
0001092 3.5502E+09 -4.4098E+06 2.1791E+07
0001093 3.5502E+09 1.9938E+07 1.6750E+07
0001094 3.5502E+09 4.6850E+06 -3.8748E+07
0001095 3.5502E+09 -1.5950E+07 -1.4605E+07
0001096 3.5502E+09 2.4994E+07 2.5127E+07
0001097 3.5502E+09 5.5454E+06 1.2830E+07
0001098 3.5502E+09 1.8036E+07 -6.8464E+05
0001099 3.5502E+09 -3.3223E+07 3.3999E+07
0001100 3.5502E+09 8.9128E+06 -1.0682E+06
0001101 3.5502E+09 -1.7742E+07 1.2154E+07
0001102 3.5502E+09 -4.5741E+07 7.9290E+06
0001103 3.5502E+09 -2.9522E+07 2.7101E+07
0001104 3.5502E+09 -3.9462E+06 -4.1108E+07
0001105 3.5502E+09 2.5622E+07 9.2742E+06
0001106 3.5502E+09 -1.1467E+07 5.3738E+06
0001107 3.5502E+09 -2.9478E+06 -3.1089E+06
0001108 3.5502E+09 -2.2541E+07 1.5312E+07
0001109 3.5502E+09 -2.3597E+07 1.0505E+07
0001110 3.5502E+09 1.2398E+07 -2.2171E+07
0001111 3.5502E+09 -9.4982E+06 1.9879E+07
0001112 3.5502E+09 -2.4988E+07 7.8742E+06
0001113 3.5502E+09 -1.5185E+07 2.4430E+07
0001114 3.5502E+09 9.0306E+06 9.7099E+06
0001115 3.5502E+09 3.7844E+06 -5.3746E+06
0001116 3.5502E+09 -9.2921E+06 2.0121E+07
0001117 3.5502E+09 8.1763E+06 -2.1832E+07
0001118 3.5502E+09 1.8017E+07 -1.4762E+07
0001119 3.5502E+09 -3.9369E+06 -5.7946E+06
0001120 3.5502E+09 -9.9240E+06 -2.4245E+07
0001121 3.5502E+09 2.2121E+06 -2.7566E+06
0001122 3.5502E+09 -3.3019E+07 -9.1801E+06
0001123 3.5502E+09 1.5219E+07 -7.7070E+06
0001124 3.5502E+09 2.1026E+07 -1.6695E+07
0001125 3.5502E+09 -1.0640E+07 1.4513E+07
0001126 3.5502E+09 -8.5958E+06 4.3914E+06
0001127 3.5502E+09 -4.5791E+07 2.7479E+07
0001128 3.5502E+09 -5.0117E+06 1.2826E+07
0001129 3.5502E+09 5.8903E+06 1.5008E+07
0001130 3.5502E+09 8.1817E+06 2.7272E+07
0001131 3.5502E+09 -5.9647E+07 -1.3425E+08
0001132 3.5502E+09 8.2167E+06 -3.2062E+08
0001133 3.5502E+09 -4.6630E+06 8.9865E+06
0001134 3.5502E+09 1.3573E+07 -2.4113E+07
0001135 3.5502E+09 -1.0066E+07 -1.8007E+07
0001136 3.5502E+09 -2.2446E+06 1.4017E+07
0001137 3.5502E+09 -1.9528E+07 -8.4541E+05
0001138 3.5502E+09 -6.8258E+06 -1.4142E+07
0001139 3.5502E+09 -2.1093E+07 -1.3756E+07
0001140 3.5502E+09 9.6589E+06 -8.8385E+06
0001141 3.5502E+09 -2.2642E+07 -5.8828E+06
0001142 3.5502E+09 3.8753E+06 1.6001E+07
0001143 3.5502E+09 1.1796E+07 -1.9835E+07
0001144 3.5502E+09 1.8595E+07 -1.0965E+07
0001145 3.5502E+09 -1.9237E+07 4.0665E+06
0001146 3.5502E+09 -2.2169E+07 1.6098E+07
0001147 3.5502E+09 -1.6103E+06 7.9450E+07
0001148 3.5502E+09 -1.1111E+07 3.7729E+03
0001149 3.5502E+09 8.8821E+06 1.5297E+07
0001150 3.5502E+09 8.2030E+05 -1.0312E+07
0001151 3.5502E+09 -4.4360E+07 -1.2130E+07
0001152 3.5502E+09 8.1941E+06 -2.8272E+07
0001153 3.5502E+09 -1.7676E+07 1.6997E+07
0001154 3.5502E+09 5.7965E+06 1.3695E+07
0001155 3.5502E+09 5.1666E+06 4.4706E+06
0001156 3.5502E+09 7.8795E+06 8.2695E+06
0001157 3.5502E+09 6.9252E+07 -4.6752E+07
0001158 3.5502E+09 -4.8784E+06 5.6497E+07
0001159 3.5502E+09 1.7180E+07 9.4403E+06
0001160 3.5502E+09 1.8630E+06 -1.0634E+07
0001161 3.5502E+09 -1.2025E+06 3.4973E+06
0001162 3.5502E+09 -1.9692E+07 -1.3467E+07
0001163 3.5502E+09 -3.9122E+07 4.6094E+06
0001164 3.5502E+09 5.5659E+06 -3.8529E+07
0001165 3.5502E+09 -5.6804E+07 -2.7445E+06
0001166 3.5502E+09 2.9268E+08 -2.5038E+08
0001167 3.5502E+09 2.7437E+07 7.2268E+06
0001168 3.5502E+09 -2.1821E+07 -1.5601E+07
0001169 3.5502E+09 1.2761E+07 -2.5127E+07
0001170 3.5502E+09 2.1080E+07 -2.2774E+07
0001171 3.5502E+09 1.8195E+07 1.6011E+07
0001172 3.5502E+09 -1.6699E+06 8.9741E+06
0001173 3.5502E+09 -1.6784E+07 1.3491E+07
0001174 3.5502E+09 1.3811E+07 7.1171E+06
0001175 3.5502E+09 -5.4195E+07 -7.1325E+06
0001176 3.5502E+09 -1.7992E+07 1.1722E+07
0001177 3.5502E+09 -2.3780E+07 5.2795E+06
0001178 3.5502E+09 5.5411E+06 2.9125E+07
0001179 3.5502E+09 -9.6133E+06 1.4210E+07
0001180 3.5502E+09 -1.0668E+07 6.4296E+06
0001181 3.5502E+09 -3.7137E+07 2.4210E+07
0001182 3.5502E+09 -6.4024E+06 2.6877E+07
0001183 3.5502E+09 -1.2025E+07 1.3844E+06
0001184 3.5502E+09 -6.2189E+05 4.3699E+06
0001185 3.5502E+09 -2.2710E+07 7.7972E+06
0001186 3.5502E+09 9.6319E+06 1.4738E+07
0001187 3.5502E+09 -1.6820E+07 -3.6115E+07
0001188 3.5502E+09 1.6124E+07 -3.7313E+06
0001189 3.5502E+09 -3.0864E+06 -1.0694E+06
0001190 3.5502E+09 -3.5179E+07 7.0008E+06
0001191 3.5502E+09 -1.6521E+07 -5.8476E+07
0001192 3.5502E+09 -1.4725E+07 1.3098E+07
0001193 3.5502E+09 1.1565E+07 -8.6269E+05
0001194 3.5502E+09 2.1443E+07 -1.0468E+07
0001195 3.5502E+09 -3.2015E+07 1.2283E+07
0001196 3.5502E+09 -2.4715E+07 -5.4050E+07
0001197 3.5502E+09 -2.2485E+06 6.9827E+06
0001198 3.5502E+09 9.0312E+06 3.0708E+06
0001199 3.5502E+09 -1.5409E+07 -2.5208E+06
0001200 3.5502E+09 3.4882E+07 2.4137E+07
0001201 3.5502E+09 -5.6958E+06 1.6507E+07
0001202 3.5502E+09 -1.6426E+07 -1.4604E+07
0001203 3.5502E+09 -2.2303E+06 1.7027E+07
0001204 3.5502E+09 -1.4271E+07 -2.5535E+07
0001205 3.5502E+09 -3.1686E+06 3.5212E+06
0001206 3.5502E+09 -3.8381E+06 1.6802E+07
0001207 3.5502E+09 -3.3956E+07 -2.3704E+06
0001208 3.5502E+09 2.4264E+07 -7.1799E+07
0001209 3.5502E+09 -1.6920E+06 -8.7494E+06
0001210 3.5502E+09 2.0856E+07 3.9120E+07
0001211 3.5502E+09 1.5168E+07 1.5334E+07
0001212 3.5502E+09 1.5568E+07 -1.1929E+07
0001213 3.5502E+09 3.0959E+07 1.5702E+07
0001214 3.5502E+09 -9.6938E+06 5.4528E+06
0001215 3.5502E+09 5.4169E+06 7.8718E+06
0001216 3.5502E+09 2.4803E+05 5.9713E+06
0001217 3.5502E+09 2.2963E+07 -9.0930E+05
0001218 3.5502E+09 5.9707E+06 1.1127E+07
0001219 3.5502E+09 2.2774E+07 -6.7309E+06
0001220 3.5502E+09 6.6209E+06 2.1381E+07
0001221 3.5502E+09 -3.4599E+05 -7.9491E+06
0001222 3.5502E+09 2.5085E+07 -2.7268E+07
0001223 3.5502E+09 2.3926E+07 1.5473E+07
0001224 3.5502E+09 -3.0273E+07 5.4378E+07
0001225 3.5502E+09 -1.3849E+06 1.4575E+07
0001226 3.5502E+09 -1.1836E+07 -6.1595E+06
0001227 3.5502E+09 -4.0193E+07 -1.3787E+07
0001228 3.5502E+09 4.0766E+06 -2.9089E+07
0001229 3.5502E+09 -1.9424E+07 4.1951E+06
0001230 3.5502E+09 4.1973E+07 2.1214E+07
0001231 3.5502E+09 2.0119E+07 -2.3498E+07
0001232 3.5502E+09 -1.7368E+07 6.3663E+06
0001233 3.5502E+09 6.3393E+06 1.0254E+06
0001234 3.5502E+09 -7.5653E+06 -2.5309E+06
0001235 3.5502E+09 2.4739E+07 -1.9505E+07
0001236 3.5502E+09 -1.2334E+07 1.5692E+07
0001237 3.5502E+09 -1.7966E+07 -1.7788E+07
0001238 3.5502E+09 2.4267E+07 -1.8556E+07
0001239 3.5502E+09 -5.7434E+06 -4.5925E+05
0001240 3.5502E+09 2.6120E+07 -9.7113E+06
0001241 3.5502E+09 1.2416E+06 -1.0792E+07
0001242 3.5502E+09 -1.3592E+07 -4.1320E+07
0001243 3.5502E+09 -1.2968E+07 1.4256E+07
0001244 3.5502E+09 -5.5285E+06 -2.6011E+07
0001245 3.5502E+09 5.9365E+07 -2.2305E+07
0001246 3.5502E+09 -9.2645E+06 -2.2560E+07
0001247 3.5502E+09 -3.6296E+06 1.3851E+07
0001248 3.5502E+09 -3.0891E+07 1.6247E+07
0001249 3.5502E+09 1.0767E+07 -9.3874E+06
0001250 3.5502E+09 -3.4051E+06 -1.9717E+07
0001251 3.5502E+09 -4.1084E+07 1.5435E+07
0001252 3.5502E+09 5.0868E+06 6.1600E+05
0001253 3.5502E+09 -6.8985E+06 -2.9598E+07
0001254 3.5502E+09 3.3644E+07 -1.4445E+08
0001255 3.5502E+09 1.2124E+07 -1.0502E+07
0001256 3.5502E+09 2.9980E+07 3.3043E+07
0001257 3.5502E+09 -1.0727E+07 -6.9030E+06
0001258 3.5502E+09 -1.1655E+07 -1.4729E+07
0001259 3.5502E+09 1.1904E+07 -1.7728E+07
0001260 3.5502E+09 2.6510E+07 1.2942E+06
0001261 3.5502E+09 2.0207E+07 -1.7833E+06
0001262 3.5502E+09 -1.3498E+07 -2.6467E+06
0001263 3.5502E+09 -2.9657E+07 -5.7635E+06
0001264 3.5502E+09 2.1944E+07 8.8372E+06
0001265 3.5502E+09 4.0047E+07 8.6015E+05
0001266 3.5502E+09 -5.4268E+06 3.5874E+07
0001267 3.5502E+09 -2.7114E+07 -1.7588E+07
0001268 3.5502E+09 -6.0511E+07 -3.1957E+07
0001269 3.5502E+09 -3.5861E+07 -2.8770E+07
0001270 3.5502E+09 2.9422E+06 8.2438E+06
0001271 3.5502E+09 1.2131E+07 -1.1138E+06
0001272 3.5502E+09 -6.1233E+05 2.4665E+07
0001273 3.5502E+09 -5.1997E+06 8.8533E+06
0001274 3.5502E+09 8.4751E+06 4.4962E+06
0001275 3.5502E+09 1.5724E+07 -7.5479E+06
0001276 3.5502E+09 2.2954E+07 4.2334E+06
0001277 3.5502E+09 -3.8119E+06 4.4646E+06
0001278 3.5502E+09 2.9283E+07 8.5526E+06
0001279 3.5502E+09 -2.5864E+07 -1.6599E+07
0001280 3.5502E+09 -2.1220E+07 -2.8692E+07
0001281 3.5502E+09 3.4520E+07 -6.2961E+06
0001282 3.5502E+09 8.0943E+06 1.6219E+06
0001283 3.5502E+09 -1.4644E+07 8.2702E+06
0001284 3.5502E+09 -2.0892E+07 -2.1912E+06
0001285 3.5502E+09 -6.8000E+07 -4.6878E+06
0001286 3.5502E+09 8.8018E+05 2.3953E+06
0001287 3.5502E+09 -6.1357E+06 1.0352E+07
0001288 3.5502E+09 3.1290E+06 -1.5771E+07
0001289 3.5502E+09 5.6369E+06 -2.7175E+07
0001290 3.5502E+09 -1.0465E+07 -2.3064E+06
0001291 3.5502E+09 5.5407E+07 -5.6814E+07
0001292 3.5502E+09 1.4497E+07 1.8519E+07
0001293 3.5502E+09 -1.8478E+07 -2.5441E+06
0001294 3.5502E+09 -3.8588E+07 2.6949E+07
0001295 3.5502E+09 2.1100E+07 -1.6928E+07
0001296 3.5502E+09 -1.1456E+06 -2.9859E+07
0001297 3.5502E+09 1.6295E+07 -9.2464E+06
0001298 3.5502E+09 1.9589E+07 2.0535E+07
0001299 3.5502E+09 -1.4132E+07 -3.2080E+07
0001300 3.5502E+09 -6.3150E+06 -1.1428E+07
0001301 3.5502E+09 -2.3899E+06 2.5381E+06
0001302 3.5502E+09 -2.3917E+06 -4.0361E+07
0001303 3.5502E+09 -1.4181E+07 1.8371E+07
0001304 3.5502E+09 4.0427E+06 8.2179E+06
0001305 3.5502E+09 -6.4535E+06 7.9869E+06
0001306 3.5502E+09 -2.5011E+07 3.6869E+07
0001307 3.5502E+09 1.9453E+07 1.5555E+07
0001308 3.5502E+09 -1.0335E+07 4.7322E+06
0001309 3.5502E+09 2.4733E+07 1.0412E+08
0001310 3.5502E+09 1.0715E+07 -1.2148E+07
0001311 3.5502E+09 1.9488E+07 -1.3984E+07
0001312 3.5502E+09 3.2857E+07 1.1055E+07
0001313 3.5502E+09 1.7285E+06 1.0131E+07
0001314 3.5502E+09 -5.6332E+06 -8.4608E+06
0001315 3.5502E+09 -5.4407E+06 -1.9424E+07
0001316 3.5502E+09 4.9488E+06 -1.4306E+07
0001317 3.5502E+09 1.4931E+07 6.3657E+06
0001318 3.5502E+09 3.8613E+07 -3.2038E+07
0001319 3.5502E+09 -1.0337E+06 -3.3584E+06
0001320 3.5502E+09 4.8551E+07 -4.4270E+07
0001321 3.5502E+09 -9.0314E+06 7.8965E+05
0001322 3.5502E+09 7.6798E+07 2.9686E+07
0001323 3.5502E+09 -3.9966E+06 1.0862E+07
0001324 3.5502E+09 -2.6860E+07 -6.0480E+06
0001325 3.5502E+09 8.6531E+06 -5.7428E+06
0001326 3.5502E+09 -9.4090E+06 9.9277E+06
0001327 3.5502E+09 2.0116E+06 -2.6699E+05
0001328 3.5502E+09 -2.6045E+07 -1.2347E+07
0001329 3.5502E+09 -2.1930E+07 1.5232E+07
0001330 3.5502E+09 -1.6235E+06 -5.8607E+06
0001331 3.5502E+09 -1.0789E+07 3.3232E+07
0001332 3.5502E+09 -2.0286E+07 5.4212E+07
0001333 3.5502E+09 3.5236E+05 2.4044E+07
0001334 3.5502E+09 -2.2745E+07 -1.4709E+07
0001335 3.5502E+09 1.9012E+07 9.1072E+06
0001336 3.5502E+09 -1.7300E+05 -5.6724E+06
0001337 3.5502E+09 3.5056E+06 1.7727E+07
0001338 3.5502E+09 -1.3955E+07 5.8365E+06
0001339 3.5502E+09 -3.0139E+06 5.3303E+06
0001340 3.5502E+09 1.4788E+06 1.1828E+07
0001341 3.5502E+09 4.7368E+05 1.3633E+07
0001342 3.5502E+09 4.9798E+06 2.8713E+07
0001343 3.5502E+09 3.5171E+07 1.7871E+07
0001344 3.5502E+09 -1.8204E+07 -9.2389E+06
0001345 3.5502E+09 -2.8826E+07 -2.7513E+07
0001346 3.5502E+09 5.2481E+06 -4.7313E+06
0001347 3.5502E+09 -1.7370E+07 9.4091E+06
0001348 3.5502E+09 3.3902E+07 2.0036E+07
0001349 3.5502E+09 8.6702E+06 1.4825E+06
0001350 3.5502E+09 -5.4578E+06 2.3941E+07
0001351 3.5502E+09 -8.1045E+06 -2.0116E+06
0001352 3.5502E+09 -1.6608E+07 1.1271E+07
0001353 3.5502E+09 -2.1213E+07 -1.9533E+07
0001354 3.5502E+09 4.3635E+07 -7.7581E+06
0001355 3.5502E+09 -1.0347E+07 2.1442E+06
0001356 3.5502E+09 9.8171E+06 -2.2625E+07
0001357 3.5502E+09 1.4075E+07 2.4982E+07
0001358 3.5502E+09 3.6806E+05 4.6578E+06
0001359 3.5502E+09 1.1224E+07 -3.7317E+06
0001360 3.5502E+09 -1.5097E+07 -2.4715E+07
0001361 3.5502E+09 4.7857E+06 1.7267E+07
0001362 3.5502E+09 -2.7079E+07 1.9172E+07
0001363 3.5502E+09 2.4740E+07 2.1652E+07
0001364 3.5502E+09 -2.5138E+07 1.2150E+06
0001365 3.5502E+09 -3.3887E+07 -5.2154E+06
0001366 3.5502E+09 1.7994E+07 -2.5000E+07
0001367 3.5502E+09 3.3278E+06 -3.1752E+07
0001368 3.5502E+09 4.2872E+06 1.9431E+07
0001369 3.5502E+09 -7.2494E+06 -1.6603E+07
0001370 3.5502E+09 4.3255E+06 7.1887E+06
0001371 3.5502E+09 8.1033E+05 1.3769E+07
0001372 3.5502E+09 4.3681E+06 1.1368E+06
0001373 3.5502E+09 2.4156E+07 -1.4713E+06
0001374 3.5502E+09 4.5931E+05 9.3289E+06
0001375 3.5502E+09 4.9896E+06 1.5625E+07
0001376 3.5502E+09 5.6687E+06 3.6349E+06
0001377 3.5502E+09 7.9773E+06 -2.8351E+05
0001378 3.5502E+09 -5.6692E+06 -1.1955E+07
0001379 3.5502E+09 9.7830E+06 1.9007E+07
0001380 3.5502E+09 4.6145E+06 -6.5495E+06
0001381 3.5502E+09 -1.0713E+07 -2.1471E+07
0001382 3.5502E+09 5.2583E+07 2.7386E+07
0001383 3.5502E+09 -2.3904E+07 2.4591E+07
0001384 3.5502E+09 -6.0081E+06 -1.7423E+07
0001385 3.5502E+09 -1.8462E+07 -5.9687E+06
0001386 3.5502E+09 -1.9130E+07 -4.5827E+07
0001387 3.5502E+09 1.2211E+07 3.4216E+06
0001388 3.5502E+09 -2.0301E+07 -4.3917E+06
0001389 3.5502E+09 -1.8073E+07 -1.3109E+07
0001390 3.5502E+09 -1.1951E+07 -1.5622E+07
0001391 3.5502E+09 9.4791E+05 1.2551E+07
0001392 3.5502E+09 4.0943E+06 2.6649E+07
0001393 3.5502E+09 -4.4484E+07 6.0589E+06
0001394 3.5502E+09 -1.5770E+07 7.4705E+06
0001395 3.5502E+09 -8.0080E+06 -3.1158E+06
0001396 3.5502E+09 -1.2526E+07 -5.1669E+07
0001397 3.5502E+09 -4.5170E+06 4.7428E+06
0001398 3.5502E+09 -3.0808E+07 -4.4959E+05
0001399 3.5502E+09 2.0892E+07 2.0845E+07
0001400 3.5502E+09 1.3491E+07 -4.0788E+06
0001401 3.5502E+09 -1.9923E+06 -9.0142E+05
0001402 3.5502E+09 6.4477E+05 1.3643E+06
0001403 3.5502E+09 7.7292E+07 1.0517E+07
0001404 3.5502E+09 -1.4141E+07 -2.7778E+07
0001405 3.5502E+09 -8.9123E+06 3.0258E+05
0001406 3.5502E+09 1.4273E+07 3.9903E+05
0001407 3.5502E+09 8.4236E+06 -1.1393E+07
0001408 3.5502E+09 -1.1528E+07 -2.2789E+07
0001409 3.5502E+09 4.7876E+05 -2.4332E+06
0001410 3.5502E+09 2.8151E+06 -1.7430E+07
0001411 3.5502E+09 -3.7916E+07 -4.5255E+07
0001412 3.5502E+09 6.5728E+06 -3.3384E+07
0001413 3.5502E+09 -1.7701E+07 -6.1007E+06
0001414 3.5502E+09 -1.7195E+07 -7.2512E+06
0001415 3.5502E+09 2.6598E+06 -1.7059E+06
0001416 3.5502E+09 -2.9295E+07 3.2952E+07
0001417 3.5502E+09 1.6534E+07 1.0692E+07
0001418 3.5502E+09 -3.9226E+07 -5.0935E+06
0001419 3.5502E+09 -8.4169E+06 2.1529E+07
0001420 3.5502E+09 -1.0685E+07 1.8212E+07
0001421 3.5502E+09 -1.2702E+07 -1.5496E+07
0001422 3.5502E+09 1.1297E+07 6.3190E+06
0001423 3.5502E+09 7.1125E+06 1.5771E+07
0001424 3.5502E+09 2.9094E+07 1.6304E+06
0001425 3.5502E+09 -1.5404E+07 -8.6130E+06
0001426 3.5502E+09 6.9952E+06 2.0335E+07
0001427 3.5502E+09 5.6052E+07 1.0971E+07
0001428 3.5502E+09 -9.8173E+06 -1.7921E+07
0001429 3.5502E+09 2.5954E+07 -5.5947E+06
0001430 3.5502E+09 -1.7247E+07 8.4295E+06
0001431 3.5502E+09 -8.8983E+06 -1.1223E+07
0001432 3.5502E+09 1.7291E+07 -1.4690E+07
0001433 3.5502E+09 -1.7552E+07 -2.0658E+07
0001434 3.5502E+09 -2.0382E+06 -3.0298E+07
0001435 3.5502E+09 -3.6039E+07 -2.6187E+07
0001436 3.5502E+09 -9.1732E+06 -1.1719E+07
0001437 3.5502E+09 -4.0431E+07 6.6313E+06
0001438 3.5502E+09 1.7637E+07 3.2843E+07
0001439 3.5502E+09 -1.4860E+07 6.5288E+06
0001440 3.5502E+09 4.8749E+06 -9.1113E+06
0001441 3.5502E+09 -9.2026E+06 -9.8653E+06
0001442 3.5502E+09 -1.1153E+07 -2.2233E+06
0001443 3.5502E+09 -2.0690E+07 -1.2274E+07
0001444 3.5502E+09 -7.3936E+06 -3.1912E+06
0001445 3.5502E+09 8.9633E+06 8.2188E+06
0001446 3.5502E+09 -1.1069E+07 1.2531E+07
0001447 3.5502E+09 1.6141E+07 2.3996E+06
0001448 3.5502E+09 -3.3056E+06 -1.5963E+07
0001449 3.5502E+09 2.8398E+07 2.5050E+07
0001450 3.5502E+09 2.4325E+07 1.0924E+07
0001451 3.5502E+09 6.1765E+06 4.1734E+06
0001452 3.5502E+09 -8.0541E+06 1.9778E+07
0001453 3.5502E+09 5.0633E+06 6.0769E+06
0001454 3.5502E+09 8.0229E+06 9.3846E+06
0001455 3.5502E+09 -1.0435E+07 2.2552E+07
0001456 3.5502E+09 -2.6447E+07 -1.0715E+07
0001457 3.5502E+09 -1.7592E+07 -1.7370E+06
0001458 3.5502E+09 -1.7037E+07 2.7630E+06
0001459 3.5502E+09 6.0892E+05 -5.2023E+06
0001460 3.5502E+09 1.1024E+07 -1.9353E+07
0001461 3.5502E+09 -1.0745E+07 -9.2758E+05
0001462 3.5502E+09 1.4400E+07 2.5447E+07
0001463 3.5502E+09 -1.1368E+07 -4.4676E+06
0001464 3.5502E+09 -6.2688E+07 -3.0213E+07
0001465 3.5502E+09 -1.4163E+07 -1.1600E+07
0001466 3.5502E+09 1.7259E+07 2.7030E+07
0001467 3.5502E+09 9.0679E+06 -3.3721E+07
0001468 3.5502E+09 -5.8780E+06 -1.3873E+07
0001469 3.5502E+09 -1.9753E+07 -1.2159E+07
0001470 3.5502E+09 1.6272E+08 1.1561E+08
0001471 3.5502E+09 -1.5349E+07 1.1213E+06
0001472 3.5502E+09 8.3216E+06 1.0320E+07
0001473 3.5502E+09 8.1962E+06 -1.8996E+07
0001474 3.5502E+09 -1.3159E+07 -2.6435E+06
0001475 3.5502E+09 3.3679E+07 3.7038E+06
0001476 3.5502E+09 -1.7924E+07 1.2504E+07
0001477 3.5502E+09 2.5433E+07 1.2087E+07
0001478 3.5502E+09 -2.7178E+07 -5.0105E+06
0001479 3.5502E+09 -4.0803E+07 -4.3189E+07
0001480 3.5502E+09 2.0401E+07 3.5536E+06
0001481 3.5502E+09 7.8899E+06 9.6871E+05
0001482 3.5502E+09 -8.2145E+06 3.3659E+06
0001483 3.5502E+09 2.1086E+07 2.4499E+07
0001484 3.5502E+09 5.2131E+07 5.9805E+06
0001485 3.5502E+09 2.0228E+07 -5.0248E+07
0001486 3.5502E+09 -2.3110E+06 1.0502E+07
0001487 3.5502E+09 2.2034E+07 5.3864E+07
0001488 3.5502E+09 -2.7144E+07 5.9615E+06
0001489 3.5502E+09 4.0173E+06 1.4652E+07
0001490 3.5502E+09 5.5570E+06 -5.9239E+06
0001491 3.5502E+09 -5.8231E+06 -1.9001E+07
0001492 3.5502E+09 -7.8052E+06 -2.0830E+06
0001493 3.5502E+09 6.5960E+06 1.5489E+07
0001494 3.5502E+09 -5.4223E+07 6.2179E+07
0001495 3.5502E+09 2.3487E+07 -1.5955E+07
0001496 3.5502E+09 3.1215E+06 -1.4963E+07
0001497 3.5502E+09 1.1209E+07 1.0131E+07
0001498 3.5502E+09 -3.2701E+06 -1.5719E+07
0001499 3.5502E+09 -7.6305E+06 -2.2217E+07
0001500 3.5502E+09 2.6114E+07 3.0457E+06
0001501 3.5502E+09 1.0770E+07 -2.1878E+07
0001502 3.5502E+09 -2.2132E+07 1.1040E+07
0001503 3.5502E+09 -6.9838E+06 -7.8062E+06
0001504 3.5502E+09 -4.2819E+06 -1.9096E+07
0001505 3.5502E+09 -1.0299E+07 9.2306E+06
0001506 3.5502E+09 4.8444E+05 2.8780E+07
0001507 3.5502E+09 -9.5085E+06 4.1373E+06
0001508 3.5502E+09 5.2453E+06 -1.4965E+07
0001509 3.5502E+09 2.0433E+07 -1.8056E+07
0001510 3.5502E+09 -6.1600E+06 1.1164E+07
0001511 3.5502E+09 8.6962E+06 3.2114E+07
0001512 3.5502E+09 -6.1207E+06 -7.0270E+06
0001513 3.5502E+09 -2.9476E+07 -1.8297E+07
0001514 3.5502E+09 -1.1739E+07 1.0783E+07
0001515 3.5502E+09 -3.0887E+07 1.8036E+07
0001516 3.5502E+09 5.2895E+06 -3.7113E+07
0001517 3.5501E+09 7.1725E+06 -2.7816E+07
0001518 3.5502E+09 -5.9663E+07 -7.5772E+06
0001519 3.5502E+09 -1.7459E+07 -1.0872E+07
0001520 3.5502E+09 9.1762E+06 4.8216E+06
0001521 3.5502E+09 9.0802E+05 -1.7899E+07
0001522 3.5502E+09 -8.5920E+06 2.2822E+07
0001523 3.5502E+09 -3.8061E+06 -9.8893E+06
0001524 3.5502E+09 1.7522E+07 4.1338E+06
0001525 3.5502E+09 3.0408E+07 -1.5738E+07
0001526 3.5502E+09 8.7081E+06 -5.5957E+06
0001527 3.5502E+09 -9.4268E+06 -2.3901E+05
0001528 3.5502E+09 -1.3207E+07 -4.6287E+07
0001529 3.5502E+09 1.5879E+07 -2.0657E+07
0001530 3.5502E+09 3.0788E+07 2.4173E+06
0001531 3.5502E+09 -3.2239E+06 -3.1585E+06
0001532 3.5502E+09 1.3170E+07 -3.0739E+05
0001533 3.5502E+09 -1.5607E+06 4.8192E+06
0001534 3.5502E+09 2.2108E+07 9.4713E+05
0001535 3.5502E+09 -2.6005E+06 -2.0112E+07
0001536 3.5502E+09 2.6607E+06 1.0920E+07
0001537 3.5502E+09 -2.4628E+07 4.3970E+06
0001538 3.5502E+09 -4.5157E+07 2.2449E+07
0001539 3.5502E+09 -6.8657E+06 1.6122E+07
0001540 3.5502E+09 5.6673E+06 1.7016E+07
0001541 3.5502E+09 -5.5484E+06 -2.0896E+07
0001542 3.5502E+09 1.8830E+06 4.6055E+06
0001543 3.5502E+09 -1.1188E+07 2.0431E+07
0001544 3.5502E+09 -3.7438E+07 1.3097E+07
0001545 3.5502E+09 -1.7193E+07 -5.1720E+06
0001546 3.5502E+09 5.7197E+07 7.8964E+07
0001547 3.5502E+09 -2.0785E+07 -1.4352E+06
0001548 3.5502E+09 -3.0931E+06 2.1762E+06
0001549 3.5502E+09 1.1484E+06 -2.6249E+07
0001550 3.5502E+09 3.0679E+06 -1.6445E+06
0001551 3.5502E+09 -7.3597E+06 9.1726E+06
0001552 3.5502E+09 3.8511E+06 2.9573E+07
0001553 3.5502E+09 1.8932E+07 1.4825E+07
0001554 3.5502E+09 -2.8166E+07 1.5787E+07
0001555 3.5502E+09 5.5880E+06 -3.3342E+07
0001556 3.5502E+09 -1.7084E+07 1.7237E+07
0001557 3.5502E+09 -1.8996E+07 5.1217E+06
0001558 3.5502E+09 -1.4753E+06 -1.4982E+06
0001559 3.5502E+09 1.2939E+07 4.0431E+07
0001560 3.5502E+09 1.0794E+07 -9.4685E+06
0001561 3.5502E+09 5.1307E+06 1.9686E+07
0001562 3.5502E+09 -1.3686E+07 2.2530E+06
0001563 3.5502E+09 -5.1446E+05 -1.7796E+06
0001564 3.5502E+09 -1.6807E+07 -8.9948E+06
0001565 3.5502E+09 9.8744E+06 -2.4800E+07
0001566 3.5502E+09 -2.5456E+06 -8.2682E+06
0001567 3.5502E+09 -7.2025E+06 1.3508E+07
0001568 3.5502E+09 1.5985E+07 5.2651E+07
0001569 3.5502E+09 9.2512E+06 1.8922E+07
0001570 3.5502E+09 -3.1444E+07 6.2965E+06
0001571 3.5502E+09 1.0301E+07 1.2458E+07
0001572 3.5502E+09 1.6810E+06 -2.5159E+07
0001573 3.5502E+09 -7.7927E+07 9.7612E+06
0001574 3.5502E+09 -1.1925E+06 -3.6939E+06
0001575 3.5502E+09 8.2978E+06 1.3633E+07
0001576 3.5502E+09 -6.0569E+06 4.5528E+06
0001577 3.5502E+09 1.9937E+07 1.0584E+07
0001578 3.5502E+09 -2.3058E+07 -4.7997E+07
0001579 3.5502E+09 -9.4217E+06 -2.9428E+07
0001580 3.5502E+09 -1.1473E+07 1.4614E+06
0001581 3.5502E+09 -2.4983E+05 -1.9539E+07
0001582 3.5502E+09 9.8414E+05 3.2994E+06
0001583 3.5502E+09 -3.4335E+07 -2.9346E+06
0001584 3.5502E+09 5.4951E+07 6.3997E+07
0001585 3.5502E+09 -5.0234E+06 2.4681E+07
0001586 3.5502E+09 1.1334E+07 9.3114E+06
0001587 3.5502E+09 -1.1790E+07 9.9211E+06
0001588 3.5502E+09 -6.1033E+05 1.3495E+07
0001589 3.5502E+09 -2.1812E+07 -4.3422E+07
0001590 3.5502E+09 -8.3885E+06 -2.0659E+07
0001591 3.5502E+09 -1.9842E+06 -1.4381E+07
0001592 3.5502E+09 1.2166E+06 -4.5222E+06
0001593 3.5502E+09 3.4255E+06 1.0576E+07
0001594 3.5502E+09 2.1720E+07 -1.2412E+07
0001595 3.5502E+09 3.1200E+07 -2.7376E+07
0001596 3.5502E+09 5.8377E+05 -5.4711E+06
0001597 3.5502E+09 1.1891E+07 4.2649E+06
0001598 3.5502E+09 -7.2236E+06 2.0404E+07
0001599 3.5502E+09 9.6622E+06 2.3533E+07
0001600 3.5502E+09 2.5588E+07 -1.1416E+07
0001601 3.5502E+09 -2.3248E+06 1.2747E+07
0001602 3.5502E+09 8.4919E+06 1.7049E+07
0001603 3.5502E+09 -9.4576E+06 6.4630E+06
0001604 3.5502E+09 -7.6294E+06 3.2936E+06
0001605 3.5502E+09 -5.3897E+06 1.2854E+07
0001606 3.5502E+09 5.8055E+06 8.1757E+06
0001607 3.5502E+09 -7.4797E+06 1.0617E+07
0001608 3.5502E+09 9.3598E+06 -2.8125E+06
0001609 3.5502E+09 6.5675E+06 -1.4328E+06
0001610 3.5502E+09 -6.4594E+07 2.6691E+07
0001611 3.5502E+09 -9.6005E+06 -2.9215E+06
0001612 3.5502E+09 -1.0856E+07 -1.5197E+07
0001613 3.5502E+09 -8.8014E+06 3.6727E+07
0001614 3.5502E+09 -4.6643E+07 -4.9230E+07
0001615 3.5502E+09 -3.1314E+07 2.7150E+07
0001616 3.5502E+09 -2.8946E+07 1.0161E+07
0001617 3.5502E+09 -1.0075E+07 -1.3620E+07
0001618 3.5502E+09 -3.9379E+06 -9.4079E+06
0001619 3.5502E+09 -1.1945E+07 1.5012E+06
0001620 3.5502E+09 6.6985E+06 3.3525E+07
0001621 3.5502E+09 6.5198E+06 3.0520E+07
0001622 3.5502E+09 -3.8115E+07 1.5411E+07
0001623 3.5502E+09 -3.0989E+07 3.7503E+07
0001624 3.5502E+09 2.1844E+06 2.1123E+07
0001625 3.5502E+09 1.8012E+07 -2.6697E+07
0001626 3.5502E+09 -3.3770E+06 8.4226E+06
0001627 3.5502E+09 -6.8184E+06 5.3729E+05
0001628 3.5502E+09 -2.2796E+06 1.4322E+07
0001629 3.5502E+09 -1.7082E+07 2.1932E+07
0001630 3.5502E+09 -4.7555E+07 -2.3635E+07
0001631 3.5502E+09 3.3232E+06 -5.1445E+06
0001632 3.5502E+09 -5.4188E+07 1.1040E+07
0001633 3.5502E+09 -4.7198E+05 1.4918E+07
0001634 3.5502E+09 3.1088E+06 1.0817E+07
0001635 3.5502E+09 6.2026E+06 -1.5188E+07
0001636 3.5502E+09 1.0231E+06 -7.0217E+07
0001637 3.5502E+09 -1.7959E+06 -3.2259E+06
0001638 3.5502E+09 -9.2970E+06 2.8510E+07
0001639 3.5502E+09 8.7381E+06 -1.4180E+07
0001640 3.5502E+09 -2.3943E+07 -2.4928E+07
0001641 3.5502E+09 1.1750E+07 2.2329E+07
0001642 3.5502E+09 -2.6740E+07 1.6644E+07
0001643 3.5502E+09 1.5913E+06 -2.1079E+07
0001644 3.5502E+09 2.4749E+07 1.1669E+07
0001645 3.5502E+09 1.8342E+07 8.7036E+06
0001646 3.5502E+09 -2.5022E+07 -3.2817E+07
0001647 3.5502E+09 -5.6818E+06 5.5379E+05
0001648 3.5502E+09 -1.6927E+07 -2.0252E+07
0001649 3.5502E+09 8.9202E+06 -3.8277E+07
0001650 3.5502E+09 1.1556E+07 2.5072E+07
0001651 3.5502E+09 -2.7272E+06 4.1983E+07
0001652 3.5502E+09 -1.4632E+06 -1.4279E+06
0001653 3.5502E+09 4.8538E+06 -4.5928E+06
0001654 3.5502E+09 2.4461E+06 3.2801E+07