============================== SRIM-2013.00 ==============================
==============================================================================
====== SRIM Outputs\RANGE_3D.txt : File of Final Ion Positions =====

Ion = Sr (38)   Ion Mass= 087,9100
Energy  = 3000000,E-01 keV
Ion Angle to Surface = 00,0 degrees
==================== TARGET =======================
  Layer # 1 - Layer 1
  Layer # 1 - Bottom Depth=287700,E-01 A
  Layer # 1 - Density =0004,5189 g/cm3
  Layer # 1 -  100 % of Ti
  Layer # 1 -  0 % of  H
  Layer # 1 -  0 % of Ti
κκκκκκκκκκκκκκκκκκκκκκκκκκκκκκκκκκκκκκκκκκκκκκκκκκκκ
  Layer # 2 - Layer 2
  Layer # 2 - Bottom Depth=355003,E+04 A
  Layer # 2 - Density =0000,0000 g/cm3
  Layer # 2 -  0 % of Ti
  Layer # 2 -  100 % of  H
  Layer # 2 -  0 % of Ti
κκκκκκκκκκκκκκκκκκκκκκκκκκκκκκκκκκκκκκκκκκκκκκκκκκκκ
  Layer # 3 - Layer 3
  Layer # 3 - Bottom Depth=357880,E+04 A
  Layer # 3 - Density =0004,5189 g/cm3
  Layer # 3 -  0 % of Ti
  Layer # 3 -  0 % of  H
  Layer # 3 -  100 % of Ti
κκκκκκκκκκκκκκκκκκκκκκκκκκκκκκκκκκκκκκκκκκκκκκκκκκκκ
                                            
Ion       Depth  X   Lateral Y   Lateral Z  
Number    (Angstrom) (Angstrom)  (Angstrom) 
-------  ----------- ----------- -----------
0000001   3,5502E+09  2,2933E+07  3,9169E+07
0000002   3,5502E+09 -1,4933E+07 -2,7896E+04
0000003   3,5502E+09 -8,9196E+06 -2,0990E+06
0000004   3,5502E+09  5,8291E+06  6,5179E+06
0000005   3,5502E+09 -9,6726E+06 -5,0945E+06
0000006   3,5502E+09  9,3963E+06  4,2179E+06
0000007   3,5502E+09 -7,0989E+07  4,2665E+06
0000008   3,5502E+09  1,9839E+07 -7,7180E+06
0000009   3,5502E+09 -3,6549E+07 -2,5934E+07
0000010   3,5502E+09  1,1696E+06 -1,0555E+06
0000011   3,5502E+09  2,2277E+06  2,8232E+07
0000012   3,5502E+09  5,3436E+06  2,3173E+07
0000013   3,5502E+09 -1,8839E+06  3,9686E+06
0000014   3,5502E+09  2,4439E+07  1,4917E+07
0000015   3,5502E+09  9,4403E+06  6,6194E+06
0000016   3,5502E+09 -1,3893E+06 -1,7140E+07
0000017   3,5502E+09  8,1213E+06  1,3731E+07
0000018   3,5502E+09  1,5980E+07 -4,5635E+07
0000019   3,5502E+09  5,1476E+07 -3,9245E+07
0000020   3,5502E+09 -1,9172E+07  2,4906E+07
0000021   3,5502E+09  3,6171E+06 -2,1709E+07
0000022   3,5502E+09 -1,2930E+07  2,1882E+07
0000023   3,5502E+09  3,6568E+07 -2,4969E+07
0000024   3,5502E+09  4,9379E+06 -1,1122E+06
0000025   3,5502E+09 -7,2890E+06  6,8231E+07
0000026   3,5502E+09 -8,2515E+05  1,1606E+07
0000027   3,5502E+09 -4,8990E+07 -1,4439E+07
0000028   3,5502E+09  3,7331E+07  8,8649E+06
0000029   3,5502E+09 -1,9484E+07  6,3426E+06
0000030   3,5502E+09  1,4819E+06 -2,6971E+07
0000031   3,5502E+09 -7,8078E+06  1,8169E+07
0000032   3,5502E+09  2,3196E+07 -3,4747E+07
0000033   3,5502E+09  2,9431E+07  4,2033E+07
0000034   3,5502E+09 -2,4732E+05  2,3051E+07
0000035   3,5502E+09  3,0109E+07  1,3815E+07
0000036   3,5502E+09 -2,6383E+07  6,9787E+06
0000037   3,5502E+09  1,1579E+07 -1,3193E+07
0000038   3,5502E+09 -2,6712E+07 -3,4405E+06
0000039   3,5502E+09 -5,5463E+07 -2,2023E+07
0000040   3,5502E+09  3,8082E+07  6,1462E+07
0000041   3,5502E+09  9,2409E+06  6,2874E+07
0000042   3,5502E+09 -1,1535E+07  5,6168E+05
0000043   3,5502E+09 -2,1408E+06 -1,7622E+07
0000044   3,5502E+09  2,6622E+07 -2,8332E+07
0000045   3,5502E+09  1,3192E+07 -2,7052E+06
0000046   3,5502E+09 -1,3712E+07  1,2224E+07
0000047   3,5502E+09 -2,7113E+07 -4,6084E+07
0000048   3,5502E+09 -3,2052E+07 -1,6145E+07
0000049   3,5502E+09 -1,8403E+07  6,1788E+06
0000050   3,5502E+09 -3,8158E+07  3,8072E+07
0000051   3,5502E+09  1,0849E+07  3,5494E+07
0000052   3,5502E+09 -1,0041E+07 -1,1484E+07
0000053   3,5502E+09 -1,8473E+07 -1,2077E+07
0000054   3,5502E+09  1,8919E+07 -2,3868E+07
0000055   3,5502E+09 -1,2231E+07 -6,7863E+06
0000056   3,5502E+09 -4,6365E+06  3,4682E+06
0000057   3,5502E+09  1,8352E+07 -7,6401E+06
0000058   3,5502E+09 -2,3559E+06  2,8720E+07
0000059   3,5502E+09  1,3292E+07 -3,6369E+07
0000060   3,5502E+09 -3,4788E+07  4,8413E+07
0000061   3,5502E+09 -8,3383E+06 -1,5949E+07
0000062   3,5502E+09  4,3121E+06 -2,4868E+07
0000063   3,5502E+09  4,2196E+06 -1,5792E+07
0000064   3,5502E+09 -4,0410E+07  3,0313E+07
0000065   3,5502E+09  1,0974E+07 -2,7849E+07
0000066   3,5502E+09  3,5624E+06 -2,0144E+07
0000067   3,5502E+09  1,3479E+07 -1,0480E+06
0000068   3,5502E+09  6,2331E+06 -3,9396E+06
0000069   3,5502E+09  1,8576E+07 -1,3748E+07
0000070   3,5502E+09  8,8411E+07  3,1446E+07
0000071   3,5502E+09  9,7813E+05 -6,7743E+04
0000072   3,5502E+09 -3,6531E+07 -2,3274E+07
0000073   3,5502E+09  1,0115E+07 -1,8491E+06
0000074   3,5502E+09 -8,7267E+06 -6,7038E+06
0000075   3,5502E+09 -7,4462E+06 -1,7645E+07
0000076   3,5502E+09 -2,4983E+07 -2,0752E+07
0000077   3,5502E+09 -1,1517E+07  2,1059E+06
0000078   3,5502E+09 -1,3801E+07  6,6128E+06
0000079   3,5502E+09  1,9567E+07 -2,9430E+07
0000080   3,5502E+09  1,4675E+07  2,4560E+07
0000081   3,5502E+09 -5,1543E+06 -1,5251E+07
0000082   3,5502E+09  1,6636E+07  7,8604E+05
0000083   3,5502E+09 -1,7267E+07  3,5919E+06
0000084   3,5502E+09 -1,9667E+07  2,0562E+07
0000085   3,5502E+09  1,5965E+06 -1,7856E+07
0000086   3,5502E+09  6,1764E+06  1,3802E+07
0000087   3,5502E+09 -1,5597E+07  5,3957E+06
0000088   3,5502E+09  5,4485E+06  1,7006E+07
0000089   3,5502E+09 -8,1986E+06 -1,0596E+06
0000090   3,5502E+09  5,3295E+05  1,8672E+07
0000091   3,5502E+09 -1,8792E+07  2,9673E+06
0000092   3,5502E+09 -2,4869E+07  4,1958E+06
0000093   3,5502E+09  1,4724E+07 -3,4800E+07
0000094   3,5502E+09  4,1437E+06  9,1067E+06
0000095   3,5502E+09  1,6793E+07 -7,0209E+06
0000096   3,5502E+09 -3,4561E+06 -1,7843E+06
0000097   3,5502E+09 -7,6560E+06 -1,7630E+07
0000098   3,5502E+09 -7,6589E+06 -9,0891E+06
0000099   3,5502E+09 -1,0605E+07  1,5259E+07
0000100   3,5502E+09 -1,4233E+07 -2,6386E+07
0000101   3,5502E+09  1,5783E+08  9,0558E+07
0000102   3,5502E+09  1,5366E+07 -6,6203E+07
0000103   3,5502E+09  1,5224E+07  5,9953E+06
0000104   3,5502E+09 -3,3934E+06  5,7891E+06
0000105   3,5502E+09  4,3081E+06 -1,2516E+07
0000106   3,5502E+09  1,8996E+07  9,2533E+06
0000107   3,5502E+09 -3,6338E+06  2,9355E+07
0000108   3,5502E+09 -5,1378E+07 -3,7579E+07
0000109   3,5502E+09  2,1765E+07  3,3623E+06
0000110   3,5502E+09  2,7271E+07 -9,5555E+06
0000111   3,5502E+09 -1,7877E+06 -5,4020E+06
0000112   3,5502E+09  1,9566E+07 -2,1818E+07
0000113   3,5502E+09  1,3610E+06  9,2322E+06
0000114   3,5502E+09 -2,0791E+07 -6,2537E+06
0000115   3,5502E+09  2,8703E+07 -2,1685E+07
0000116   3,5502E+09  2,5896E+07 -5,4787E+07
0000117   3,5502E+09  3,6997E+07  2,0699E+06
0000118   3,5502E+09 -2,2684E+07  2,1997E+07
0000119   3,5502E+09 -7,7772E+06 -9,0066E+06
0000120   3,5502E+09  1,3918E+07 -5,9653E+06
0000121   3,5502E+09 -8,0431E+07  1,6617E+07
0000122   3,5502E+09  2,3169E+07  2,2962E+07
0000123   3,5502E+09  8,8464E+06 -1,4531E+06
0000124   3,5502E+09  1,3978E+06 -4,8736E+06
0000125   3,5502E+09  3,6312E+07  1,2625E+07
0000126   3,5502E+09  7,1050E+06  6,7598E+06
0000127   3,5502E+09  4,9320E+07 -2,2097E+07
0000128   3,5502E+09 -5,9338E+06  7,7447E+06
0000129   3,5502E+09  5,6830E+05  1,7261E+07
0000130   3,5502E+09  1,0747E+07  1,4105E+06
0000131   3,5502E+09 -2,6848E+07 -2,9743E+05
0000132   3,5502E+09  4,1742E+06 -1,1687E+07
0000133   3,5502E+09  1,0222E+07  1,3336E+07
0000134   3,5502E+09 -2,2910E+06 -1,0510E+07
0000135   3,5502E+09 -5,1320E+06  8,8315E+06
0000136   3,5502E+09 -3,7243E+06 -2,4439E+07
0000137   3,5502E+09  6,9470E+06 -1,1272E+07
0000138   3,5502E+09  1,3860E+07 -1,1794E+07
0000139   3,5502E+09  2,5792E+07  3,1155E+06
0000140   3,5502E+09 -8,9490E+05 -8,9386E+06
0000141   3,5502E+09  1,8193E+07 -3,9842E+06
0000142   3,5502E+09 -1,4788E+05  5,1967E+06
0000143   3,5502E+09 -4,3746E+07  3,0124E+07
0000144   3,5502E+09  1,3152E+07 -1,2384E+07
0000145   3,5502E+09  3,8223E+06  2,7757E+07
0000146   3,5502E+09  5,6525E+06  4,0152E+07
0000147   3,5502E+09 -9,3864E+06  4,1027E+06
0000148   3,5502E+09 -1,8130E+07  8,3523E+06
0000149   3,5502E+09  2,3695E+07  3,8369E+07
0000150   3,5502E+09 -6,1782E+06  5,2601E+05
0000151   3,5502E+09  6,5074E+05  2,6257E+06
0000152   3,5502E+09 -2,3758E+07 -1,3198E+07
0000153   3,5502E+09 -1,0580E+07  1,3270E+07
0000154   3,5502E+09  7,9736E+06  4,4153E+06
0000155   3,5502E+09  2,4529E+07  9,7084E+06
0000156   3,5502E+09 -3,6735E+06 -2,0591E+07
0000157   3,5502E+09  8,2694E+06 -4,1642E+07
0000158   3,5502E+09 -1,7054E+07 -4,0742E+06
0000159   3,5502E+09 -2,1270E+07  3,0129E+07
0000160   3,5502E+09 -9,1943E+06 -1,4708E+07
0000161   3,5502E+09  1,7974E+07  2,8324E+06
0000162   3,5502E+09 -1,1702E+07 -7,8727E+05
0000163   3,5502E+09 -2,4265E+06 -3,4365E+06
0000164   3,5502E+09 -7,2438E+05  2,7147E+07
0000165   3,5502E+09 -2,8374E+07 -8,7351E+06
0000166   3,5502E+09 -1,0917E+07  1,4335E+06
0000167   3,5502E+09  1,5785E+07 -2,1887E+07
0000168   3,5502E+09 -1,8121E+07  1,4080E+07
0000169   3,5502E+09  5,0794E+06 -2,3388E+06
0000170   3,5502E+09  1,8760E+07  7,5205E+06
0000171   3,5502E+09 -8,3473E+06  2,7933E+07
0000172   3,5502E+09  1,6523E+07  9,7741E+06
0000173   3,5502E+09 -4,6415E+06  7,9591E+07
0000174   3,5502E+09 -4,8310E+06 -4,9286E+05
0000175   3,5502E+09  1,8099E+07 -9,0655E+06
0000176   3,5502E+09  4,1376E+06  4,6455E+06
0000177   3,5502E+09  2,0559E+07  2,2671E+07
0000178   3,5502E+09  2,8381E+07  7,9012E+06
0000179   3,5502E+09 -2,3320E+05  1,4598E+07
0000180   3,5502E+09  3,1277E+07 -2,6163E+07
0000181   3,5502E+09 -1,0826E+07 -1,8800E+07
0000182   3,5502E+09  1,8336E+06 -2,8273E+07
0000183   3,5502E+09  3,6273E+07  3,0678E+07
0000184   3,5502E+09 -6,0421E+06 -6,8061E+07
0000185   3,5502E+09  4,2940E+07  1,5156E+06
0000186   3,5502E+09 -3,0663E+07 -8,7264E+06
0000187   3,5502E+09  2,6875E+07  4,3678E+06
0000188   3,5502E+09 -3,3764E+06 -1,5352E+07
0000189   3,5502E+09 -2,4283E+06  2,7955E+06
0000190   3,5502E+09  1,0209E+07  2,5210E+07
0000191   3,5502E+09 -1,1788E+07  2,8489E+07
0000192   3,5502E+09 -1,9043E+07  1,6211E+07
0000193   3,5502E+09  1,0599E+06  2,3936E+07
0000194   3,5502E+09  2,0981E+07 -2,3330E+07
0000195   3,5502E+09  1,1541E+07 -1,4418E+07
0000196   3,5502E+09 -1,5275E+07 -2,2314E+07
0000197   3,5502E+09  4,0613E+07  1,6507E+07
0000198   3,5502E+09  1,2353E+07 -7,8786E+05
0000199   3,5502E+09 -1,8910E+07 -4,9925E+06
0000200   3,5502E+09 -1,1536E+07 -1,2920E+07
0000201   3,5502E+09  6,3371E+06 -3,6042E+07
0000202   3,5502E+09 -7,3843E+05  4,6881E+06
0000203   3,5502E+09 -1,3987E+07  2,9703E+07
0000204   3,5502E+09 -2,1670E+07 -2,9172E+07
0000205   3,5502E+09 -3,2776E+06  6,1362E+06
0000206   3,5502E+09 -1,6320E+07  1,7527E+07
0000207   3,5502E+09 -1,0533E+07 -1,3412E+07
0000208   3,5502E+09 -2,7726E+07  6,5429E+06
0000209   3,5502E+09 -1,7498E+07  1,1392E+07
0000210   3,5502E+09  5,0534E+06  8,2308E+05
0000211   3,5502E+09  1,0763E+07 -2,1028E+06
0000212   3,5502E+09  2,5845E+07 -8,8503E+06
0000213   3,5502E+09  6,5743E+06 -1,7715E+07
0000214   3,5502E+09 -8,3690E+06 -1,1340E+06
0000215   3,5502E+09 -4,4809E+05 -2,0463E+07
0000216   3,5502E+09  7,8922E+06 -1,4935E+06
0000217   3,5502E+09 -2,7706E+06 -2,2509E+07
0000218   3,5502E+09  1,0419E+07 -2,1552E+06
0000219   3,5502E+09  2,4461E+05  2,0819E+06
0000220   3,5502E+09 -4,2800E+06 -3,9493E+06
0000221   3,5502E+09  2,4266E+07  4,6506E+06
0000222   3,5502E+09 -3,5246E+06 -1,4994E+07
0000223   3,5502E+09 -4,5574E+06  1,7382E+07
0000224   3,5502E+09  1,6170E+07 -7,5452E+06
0000225   3,5502E+09 -9,7123E+06  1,5470E+07
0000226   3,5502E+09 -5,2218E+06 -2,6042E+07
0000227   3,5502E+09 -1,7855E+06  2,0820E+06
0000228   3,5502E+09 -4,3555E+06  7,0016E+06
0000229   3,5502E+09  2,7130E+06 -2,9608E+07
0000230   3,5502E+09 -1,8275E+07  1,7242E+06
0000231   3,5502E+09 -1,9903E+06 -2,4263E+07
0000232   3,5502E+09  1,0212E+07  1,9793E+07
0000233   3,5502E+09  8,8240E+06 -4,6628E+06
0000234   3,5502E+09  1,9144E+07  5,9338E+06
0000235   3,5502E+09  3,4328E+07 -4,2273E+06
0000236   3,5502E+09  1,4882E+07  2,5637E+07
0000237   3,5502E+09 -6,7008E+06  1,6005E+07
0000238   3,5502E+09  3,9452E+06 -6,5496E+07
0000239   3,5502E+09  1,1473E+07  1,7942E+06
0000240   3,5502E+09 -1,3864E+07  1,3814E+07
0000241   3,5502E+09  2,4885E+05  4,8115E+06
0000242   3,5502E+09 -5,7940E+07  2,0573E+07
0000243   3,5502E+09 -2,4490E+07  1,4997E+07
0000244   3,5502E+09  1,3008E+07 -1,8428E+07
0000245   3,5502E+09  6,6461E+05  2,3258E+06
0000246   3,5502E+09 -1,5806E+07 -1,4253E+07
0000247   3,5502E+09 -1,2548E+07 -1,1112E+06
0000248   3,5502E+09 -7,0644E+06 -8,1207E+06
0000249   3,5502E+09  1,0437E+07 -2,1140E+07
0000250   3,5502E+09  1,4060E+07  4,3323E+07
0000251   3,5502E+09  2,9052E+06 -6,7619E+06
0000252   3,5502E+09  4,9772E+06 -1,9738E+07
0000253   3,5502E+09  4,9193E+06  1,2882E+07
0000254   3,5502E+09  1,3143E+07 -2,4649E+07
0000255   3,5502E+09  1,9334E+04 -8,6454E+06
0000256   3,5502E+09 -1,1686E+07  1,5501E+06
0000257   3,5502E+09  8,6938E+06 -7,6779E+06
0000258   3,5502E+09 -1,1583E+06  2,7266E+06
0000259   3,5502E+09  1,7127E+07 -1,4501E+07
0000260   3,5502E+09  6,0069E+06 -8,2589E+06
0000261   3,5502E+09  8,6513E+06  3,3781E+06
0000262   3,5502E+09 -1,8464E+07 -4,3217E+06
0000263   3,5502E+09 -9,7464E+06 -2,6474E+06
0000264   3,5502E+09 -8,7054E+06  7,4774E+04
0000265   3,5502E+09 -4,7539E+06  6,7255E+06
0000266   3,5502E+09  2,4388E+07 -3,9079E+07
0000267   3,5502E+09  4,4757E+06  8,4505E+06
0000268   3,5502E+09  8,2646E+06 -1,3635E+07
0000269   3,5502E+09 -8,3932E+06 -2,4536E+07
0000270   3,5502E+09  1,2859E+07 -5,5878E+06
0000271   3,5502E+09  2,6754E+07 -1,9216E+07
0000272   3,5502E+09 -1,8651E+07 -3,3663E+07
0000273   3,5502E+09  2,3361E+07 -1,4068E+07
0000274   3,5502E+09 -5,5617E+07 -4,8647E+07
0000275   3,5502E+09  1,0424E+06  1,8968E+07
0000276   3,5502E+09 -2,4523E+07  4,0240E+07
0000277   3,5502E+09 -2,2660E+06  3,0791E+06
0000278   3,5502E+09 -1,5614E+07 -2,4006E+06
0000279   3,5502E+09  1,6403E+07 -1,8057E+07
0000280   3,5502E+09  1,3246E+07 -1,1187E+06
0000281   3,5502E+09  4,1331E+06 -9,1333E+05
0000282   3,5502E+09  3,2014E+07  1,1024E+07
0000283   3,5502E+09 -6,2372E+07  4,4545E+06
0000284   3,5502E+09 -3,8692E+06  9,3087E+06
0000285   3,5502E+09  2,8851E+06  1,2769E+06
0000286   3,5502E+09  2,6339E+07  2,4308E+07
0000287   3,5502E+09 -2,6868E+07 -5,0978E+06
0000288   3,5502E+09 -8,5801E+06  1,8618E+07
0000289   3,5502E+09  4,8207E+06 -1,6009E+07
0000290   3,5502E+09 -1,1589E+07 -5,4219E+06
0000291   3,5502E+09  3,5713E+07  4,1995E+07
0000292   3,5502E+09 -1,2967E+06  8,5132E+06
0000293   3,5502E+09  3,1519E+07 -2,5038E+06
0000294   3,5502E+09  5,9499E+07 -1,4201E+07
0000295   3,5502E+09 -9,1129E+05 -5,4862E+07
0000296   3,5502E+09  6,0565E+06  1,7856E+06
0000297   3,5502E+09 -5,2648E+06  5,9614E+06
0000298   3,5502E+09  1,6182E+07 -5,1958E+06
0000299   3,5502E+09 -6,0038E+06 -1,2858E+07
0000300   3,5502E+09 -6,6815E+06  2,9767E+07
0000301   3,5502E+09  1,4654E+07  5,7753E+07
0000302   3,5502E+09  1,0979E+07  4,5553E+07
0000303   3,5502E+09  1,3193E+07  1,4523E+07
0000304   3,5502E+09 -1,3081E+07 -9,9052E+06
0000305   3,5502E+09 -1,6591E+07  1,8221E+07
0000306   3,5502E+09 -2,2713E+07  6,6149E+06
0000307   3,5502E+09  1,6978E+07  2,6739E+07
0000308   3,5502E+09 -3,8163E+07 -3,4907E+06
0000309   3,5502E+09 -8,5580E+06  1,2394E+07
0000310   3,5502E+09 -7,9929E+06 -1,8880E+07
0000311   3,5502E+09  5,2349E+06  2,6724E+07
0000312   3,5502E+09  1,7320E+07 -5,0086E+05
0000313   3,5502E+09  3,7749E+07  6,3348E+06
0000314   3,5502E+09  1,9889E+07  1,7303E+07
0000315   3,5502E+09  2,0833E+07  7,9259E+07
0000316   3,5502E+09  2,6873E+06 -1,1954E+07
0000317   3,5502E+09 -1,2174E+07  1,7379E+06
0000318   3,5502E+09  1,0593E+08 -9,6810E+06
0000319   3,5502E+09  3,6428E+07  2,6820E+06
0000320   3,5502E+09 -2,0878E+07  1,1758E+07
0000321   3,5502E+09  8,5797E+06  6,7290E+07
0000322   3,5502E+09 -1,6983E+06 -4,4373E+05
0000323   3,5502E+09  6,0415E+06 -4,5112E+06
0000324   3,5502E+09 -7,7264E+06 -3,4845E+07
0000325   3,5502E+09  6,3436E+05 -2,3961E+06
0000326   3,5502E+09 -3,9924E+06 -6,4274E+06
0000327   3,5502E+09  1,0884E+06  2,6213E+07
0000328   3,5502E+09  1,5445E+07  9,6107E+06
0000329   3,5502E+09 -4,1093E+07  1,0544E+07
0000330   3,5502E+09 -4,9602E+07  1,9181E+05
0000331   3,5502E+09 -2,7335E+07 -1,3491E+07
0000332   3,5502E+09  2,6683E+07  3,1663E+05
0000333   3,5502E+09  2,7061E+05 -4,6835E+06
0000334   3,5502E+09 -4,7429E+07  2,3683E+07
0000335   3,5502E+09 -3,1801E+06  1,9421E+07
0000336   3,5502E+09  2,2277E+07  2,0249E+07
0000337   3,5502E+09  7,9271E+06  1,7906E+07
0000338   3,5502E+09 -2,2902E+07  1,7322E+06
0000339   3,5502E+09 -2,7253E+07  5,9983E+05
0000340   3,5502E+09 -5,8640E+06  1,2033E+07
0000341   3,5502E+09 -2,8253E+07  4,5517E+07
0000342   3,5502E+09  6,1063E+06  9,8277E+06
0000343   3,5502E+09 -1,9308E+07 -5,9948E+06
0000344   3,5502E+09 -8,9498E+06 -1,9934E+07
0000345   3,5502E+09  2,4188E+07  1,1193E+07
0000346   3,5502E+09  3,7488E+07 -1,4370E+07
0000347   3,5502E+09  5,9581E+06  1,0310E+07
0000348   3,5502E+09 -2,8705E+07 -6,1667E+04
0000349   3,5502E+09 -8,4334E+06  7,3678E+06
0000350   3,5502E+09 -1,7415E+07  3,6071E+07
0000351   3,5502E+09  1,0876E+07  1,6976E+07
0000352   3,5502E+09  2,1840E+07  2,7403E+07
0000353   3,5502E+09  3,1710E+07  1,3186E+07
0000354   3,5502E+09  2,9939E+07 -1,0120E+07
0000355   3,5502E+09  3,2037E+06  1,5636E+07
0000356   3,5502E+09 -2,8545E+06  8,2748E+06
0000357   3,5502E+09  1,4924E+07  1,4217E+07
0000358   3,5502E+09 -2,1671E+06 -1,7423E+07
0000359   3,5502E+09  1,9945E+07 -3,5031E+06
0000360   3,5502E+09 -1,7717E+07 -4,9662E+06
0000361   3,5502E+09  1,0826E+07 -6,3188E+06
0000362   3,5502E+09 -2,0023E+07  3,3374E+06
0000363   3,5502E+09 -2,6540E+07 -1,0014E+07
0000364   3,5502E+09  1,5953E+06  1,1885E+07
0000365   3,5502E+09  1,4119E+07 -1,4986E+06
0000366   3,5502E+09 -1,0239E+07  5,3555E+06
0000367   3,5502E+09  7,0519E+06  5,4615E+06
0000368   3,5502E+09 -2,3173E+07  1,1551E+07
0000369   3,5502E+09  1,0849E+07  3,5851E+06
0000370   3,5502E+09  1,2190E+07 -1,6341E+07
0000371   3,5502E+09 -3,3793E+07  5,7975E+06
0000372   3,5502E+09  3,3988E+07 -3,0670E+06
0000373   3,5502E+09  1,2952E+07 -2,2566E+06
0000374   3,5502E+09 -6,4900E+07 -3,5163E+07
0000375   3,5502E+09 -2,2468E+07  1,9897E+05
0000376   3,5502E+09  2,2523E+07  4,3560E+06
0000377   3,5502E+09 -1,0233E+06  9,7895E+06
0000378   3,5502E+09 -1,1986E+06 -6,9150E+06
0000379   3,5502E+09  3,3397E+07  8,0106E+06
0000380   3,5502E+09  3,5749E+07  6,9781E+06
0000381   3,5502E+09 -1,9999E+07  4,0600E+05
0000382   3,5502E+09 -2,5735E+06  1,3001E+07
0000383   3,5502E+09  1,1256E+07 -2,0674E+07
0000384   3,5502E+09  2,5076E+06  3,8987E+06
0000385   3,5502E+09 -8,4731E+06  5,8830E+06
0000386   3,5502E+09  8,6525E+06 -2,4017E+07
0000387   3,5502E+09  1,3898E+07  1,5221E+07
0000388   3,5502E+09 -1,7079E+07  1,1656E+07
0000389   3,5502E+09 -4,0139E+07  1,3281E+06
0000390   3,5502E+09  1,5664E+07  5,1884E+07
0000391   3,5502E+09  4,8880E+07  4,9896E+07
0000392   3,5502E+09 -6,0383E+07  2,3667E+07
0000393   3,5502E+09 -7,9793E+06  7,7801E+06
0000394   3,5502E+09  3,1446E+07  1,7178E+07
0000395   3,5502E+09 -2,1995E+07  1,2394E+07
0000396   3,5502E+09  6,1238E+05  5,7932E+05
0000397   3,5502E+09 -8,7550E+05 -9,2683E+06
0000398   3,5502E+09  4,0957E+06  6,4380E+06
0000399   3,5502E+09 -1,2822E+07  8,9571E+06
0000400   3,5502E+09 -5,5292E+07  4,8653E+07
0000401   3,5502E+09  3,2523E+07 -1,4712E+06
0000402   3,5502E+09 -1,4780E+07  8,4904E+06
0000403   3,5502E+09  8,2996E+06 -5,9200E+06
0000404   3,5502E+09  1,1708E+07 -3,7561E+04
0000405   3,5502E+09 -5,5178E+06  1,9419E+05
0000406   3,5502E+09  5,2158E+07 -1,3424E+07
0000407   3,5502E+09 -1,9252E+07 -1,6520E+07
0000408   3,5502E+09 -9,4107E+06 -1,8359E+07
0000409   3,5502E+09  7,8212E+06  7,4012E+06
0000410   3,5502E+09  1,2973E+07 -2,4236E+07
0000411   3,5502E+09 -6,5663E+05  1,0371E+07
0000412   3,5502E+09 -2,1240E+07 -2,0648E+07
0000413   3,5502E+09 -1,0033E+07 -1,6774E+07
0000414   3,5502E+09  1,5259E+07 -7,8809E+06
0000415   3,5502E+09  1,8597E+07  1,6852E+07
0000416   3,5502E+09 -1,7435E+07  1,8932E+06
0000417   3,5502E+09 -6,8660E+06 -1,9720E+07
0000418   3,5502E+09  1,0422E+07 -1,1827E+07
0000419   3,5502E+09  1,5163E+07  4,5656E+05
0000420   3,5502E+09  2,2883E+07 -2,5913E+07
0000421   3,5502E+09  3,0700E+06  2,5541E+07
0000422   3,5502E+09  1,8157E+06  3,7773E+05
0000423   3,5502E+09 -6,6860E+06  1,7057E+07
0000424   3,5502E+09 -1,7062E+07  7,3097E+06
0000425   3,5502E+09 -1,5550E+06 -3,6834E+07
0000426   3,5502E+09  1,1835E+07 -1,2313E+07
0000427   3,5502E+09  3,9603E+07  7,1787E+06
0000428   3,5502E+09 -3,9219E+06  8,6801E+06
0000429   3,5502E+09 -2,8515E+07  3,2491E+07
0000430   3,5502E+09 -4,2459E+06 -7,2301E+06
0000431   3,5502E+09  1,2725E+07  2,6272E+06
0000432   3,5502E+09 -1,4100E+07  2,2950E+07
0000433   3,5502E+09  8,6351E+06 -1,3254E+06
0000434   3,5502E+09  1,7217E+07  1,6575E+06
0000435   3,5502E+09  1,9563E+05 -3,3428E+06
0000436   3,5502E+09 -4,1786E+06  2,7631E+05
0000437   3,5502E+09 -7,2541E+06  1,1827E+07
0000438   3,5502E+09  7,0529E+06  1,0412E+07
0000439   3,5502E+09 -1,4872E+07  1,9730E+07
0000440   3,5502E+09  2,7184E+07 -2,6575E+07
0000441   3,5502E+09 -1,4821E+07  3,3555E+07
0000442   3,5502E+09  6,1841E+06  9,7868E+06
0000443   3,5502E+09 -7,5161E+06 -2,2474E+07
0000444   3,5502E+09  1,9330E+07 -9,2245E+06
0000445   3,5502E+09  2,8588E+07  2,6027E+07
0000446   3,5502E+09 -1,1801E+07  4,2375E+07
0000447   3,5502E+09 -3,7844E+06  2,3429E+07
0000448   3,5502E+09 -3,6822E+06 -3,7799E+07
0000449   3,5502E+09  1,6736E+07  2,8994E+07
0000450   3,5502E+09  3,7650E+06 -2,6605E+07
0000451   3,5502E+09 -8,1554E+06  5,8010E+05
0000452   3,5502E+09 -2,2626E+07  4,9015E+07
0000453   3,5502E+09  3,0386E+07  3,1068E+07
0000454   3,5502E+09  2,9484E+06  1,9714E+06
0000455   3,5502E+09 -7,2932E+06 -1,8233E+07
0000456   3,5502E+09 -2,1393E+07 -1,3332E+07
0000457   3,5502E+09  6,8550E+06  2,7052E+07
0000458   3,5502E+09 -6,2968E+05  9,8879E+06
0000459   3,5502E+09 -2,1555E+08 -2,8861E+07
0000460   3,5502E+09 -7,4445E+07  1,6750E+07
0000461   3,5502E+09  9,6511E+06 -4,3693E+06
0000462   3,5502E+09 -3,4906E+07  3,3621E+06
0000463   3,5502E+09  6,5415E+06  9,7959E+06
0000464   3,5502E+09  7,7717E+06  4,4902E+06
0000465   3,5502E+09 -1,4771E+07  3,2122E+07
0000466   3,5502E+09 -1,0382E+07  7,3576E+06
0000467   3,5502E+09 -7,6297E+06 -4,1844E+06
0000468   3,5502E+09  8,1227E+06  1,3609E+07
0000469   3,5502E+09  2,8111E+06  1,1598E+07
0000470   3,5502E+09 -9,5076E+06 -1,5478E+07
0000471   3,5502E+09  1,2027E+07 -2,2275E+07
0000472   3,5502E+09  1,5223E+07 -1,8694E+07
0000473   3,5502E+09 -1,5109E+07  2,9592E+07
0000474   3,5502E+09 -8,4664E+06  1,0325E+07
0000475   3,5502E+09 -7,6913E+06  2,0354E+07
0000476   3,5502E+09  1,2438E+06  2,5005E+07
0000477   3,5502E+09  8,7439E+06 -2,4035E+07
0000478   3,5502E+09  1,2476E+07  7,3825E+06
0000479   3,5502E+09 -1,8679E+07 -1,1110E+06
0000480   3,5502E+09  2,6882E+07  1,9487E+07
0000481   3,5502E+09  1,1332E+07  3,6528E+07
0000482   3,5502E+09 -1,9154E+07  1,8909E+07
0000483   3,5502E+09 -5,1896E+06  2,4318E+07
0000484   3,5502E+09 -1,1761E+07  3,3195E+07
0000485   3,5502E+09 -4,6215E+07 -2,1760E+07
0000486   3,5502E+09 -8,3022E+06 -1,3889E+06
0000487   3,5502E+09  1,8287E+06 -1,4527E+07
0000488   3,5502E+09  1,0025E+07 -3,1462E+07
0000489   3,5502E+09  1,0145E+07  2,2740E+07
0000490   3,5502E+09 -2,4191E+07 -2,6257E+06
0000491   3,5502E+09 -1,4610E+07 -5,2440E+04
0000492   3,5502E+09 -1,8193E+07 -1,3731E+07
0000493   3,5502E+09 -1,0481E+07  2,8354E+07
0000494   3,5502E+09  8,5216E+06 -3,8401E+06
0000495   3,5502E+09  8,3108E+06  4,6849E+07
0000496   3,5502E+09  4,2284E+06  5,9298E+06
0000497   3,5502E+09  7,1117E+06 -1,2799E+07
0000498   3,5502E+09 -6,5035E+06 -1,8477E+07
0000499   3,5502E+09  2,0508E+07  3,4021E+07
0000500   3,5502E+09  1,8094E+07 -1,5135E+07
0000501   3,5502E+09  5,4974E+05 -5,7881E+06
0000502   3,5502E+09  7,0064E+06 -2,8967E+07
0000503   3,5502E+09 -3,1431E+06 -1,6297E+07
0000504   3,5502E+09 -5,3153E+06  1,3117E+07
0000505   3,5502E+09 -4,0438E+07 -2,6696E+07
0000506   3,5502E+09  9,3879E+07  3,0426E+07
0000507   3,5502E+09  1,2221E+07 -4,1705E+06
0000508   3,5502E+09 -2,3633E+07  6,0714E+06
0000509   3,5502E+09  5,3025E+06 -2,4706E+07
0000510   3,5502E+09 -8,1385E+06  4,9344E+06
0000511   3,5502E+09  5,0687E+06  2,4387E+07
0000512   3,5502E+09  6,5033E+06 -1,0789E+07
0000513   3,5502E+09 -2,1657E+07  1,1401E+07
0000514   3,5502E+09 -3,3654E+07  3,3056E+06
0000515   3,5502E+09 -2,6756E+06  1,0035E+06
0000516   3,5502E+09 -2,2845E+06 -2,0151E+05
0000517   3,5502E+09  7,5735E+06 -8,5475E+06
0000518   3,5502E+09  1,3332E+07  8,7282E+05
0000519   3,5502E+09  6,0108E+05  8,5785E+06
0000520   3,5502E+09  2,5406E+07 -1,0154E+07
0000521   3,5502E+09  1,2696E+07 -3,3813E+06
0000522   3,5502E+09 -8,9414E+06 -1,9092E+07
0000523   3,5502E+09  1,2955E+07 -1,1277E+07
0000524   3,5502E+09  1,6736E+07  1,5720E+07
0000525   3,5502E+09 -6,5179E+06 -3,6625E+06
0000526   3,5502E+09  9,3522E+06 -9,0931E+05
0000527   3,5502E+09 -3,2669E+07 -1,9489E+07
0000528   3,5502E+09  5,8254E+06 -1,8258E+07
0000529   3,5502E+09  3,6462E+07 -5,2930E+07
0000530   3,5502E+09  5,3119E+06 -2,3991E+07
0000531   3,5502E+09 -4,1212E+07  1,7396E+07
0000532   3,5502E+09  1,5499E+07  2,2668E+06
0000533   3,5502E+09 -6,5364E+07  1,1487E+07
0000534   3,5502E+09 -2,8933E+07  2,2357E+07
0000535   3,5502E+09  4,3918E+06  9,1299E+06
0000536   3,5502E+09  1,1715E+07 -7,2105E+06
0000537   3,5502E+09  5,3926E+06 -1,8172E+07
0000538   3,5502E+09 -7,1953E+06  3,2857E+07
0000539   3,5502E+09 -4,9030E+06  1,2839E+07
0000540   3,5502E+09 -7,4456E+06 -1,3195E+07
0000541   3,5502E+09 -3,7392E+06  3,9268E+07
0000542   3,5502E+09 -3,3743E+07  5,0546E+07
0000543   3,5502E+09 -4,2271E+06 -3,9986E+07
0000544   3,5502E+09  1,5461E+07 -7,5393E+06
0000545   3,5502E+09 -7,2193E+06  5,2895E+06
0000546   3,5502E+09  1,9476E+07 -1,2234E+07
0000547   3,5502E+09  4,7653E+06  1,6794E+07
0000548   3,5502E+09 -5,9682E+06  4,0021E+07
0000549   3,5502E+09  5,2341E+06 -1,4353E+05
0000550   3,5502E+09 -2,1634E+07  2,6257E+07
0000551   3,5502E+09  2,0747E+05 -2,3559E+07
0000552   3,5502E+09 -4,7738E+05 -1,7938E+07
0000553   3,5502E+09  7,3050E+06  2,3762E+07
0000554   3,5502E+09 -2,2524E+07  9,5453E+06
0000555   3,5502E+09 -4,2313E+07  1,4516E+07
0000556   3,5502E+09 -5,0067E+07 -1,9104E+07
0000557   3,5502E+09  7,4776E+06  1,7659E+07
0000558   3,5502E+09  1,9979E+07 -4,5512E+06
0000559   3,5502E+09 -1,5085E+07 -5,1725E+06
0000560   3,5502E+09  1,6892E+07 -2,6505E+07
0000561   3,5502E+09 -8,7899E+06  4,1783E+06
0000562   3,5502E+09 -1,2109E+07 -1,6462E+07
0000563   3,5502E+09  2,2400E+07 -3,8605E+06
0000564   3,5502E+09 -1,2059E+07  6,9102E+06
0000565   3,5502E+09 -2,4067E+06  1,8705E+07
0000566   3,5502E+09 -1,5347E+07 -1,6897E+06
0000567   3,5502E+09  5,1184E+06 -1,8975E+07
0000568   3,5502E+09  2,8148E+07  5,2060E+07
0000569   3,5502E+09 -1,2262E+07 -2,3033E+07
0000570   3,5502E+09 -2,5742E+07  3,2666E+05
0000571   3,5502E+09  2,2888E+07  2,9693E+07
0000572   3,5502E+09 -8,7153E+06  1,0617E+06
0000573   3,5502E+09  2,1590E+05  2,3517E+07
0000574   3,5502E+09 -1,1242E+07  5,4845E+07
0000575   3,5502E+09  8,1125E+06 -2,8669E+07
0000576   3,5502E+09 -1,6897E+07  4,2103E+07
0000577   3,5502E+09  9,1399E+06  2,1579E+07
0000578   3,5502E+09  4,5635E+06  1,9888E+07
0000579   3,5502E+09 -2,7441E+07  4,8426E+07
0000580   3,5502E+09  2,1198E+07 -1,5591E+07
0000581   3,5502E+09  4,1412E+07  6,0154E+07
0000582   3,5502E+09 -1,0164E+07  6,9954E+05
0000583   3,5502E+09  1,9256E+07 -9,1914E+06
0000584   3,5502E+09 -1,9395E+06  2,0366E+07
0000585   3,5502E+09  6,9964E+06  2,3444E+07
0000586   3,5502E+09 -5,0598E+06 -2,9171E+07
0000587   3,5502E+09 -1,0807E+07 -9,5605E+07
0000588   3,5502E+09 -1,3878E+07 -2,6647E+07
0000589   3,5502E+09 -5,2213E+06 -7,9624E+06
0000590   3,5502E+09 -1,1586E+06 -1,8209E+07
0000591   3,5502E+09  1,8236E+07 -3,2903E+06
0000592   3,5502E+09 -2,2483E+07  4,2441E+06
0000593   3,5502E+09 -9,2824E+06  2,5680E+06
0000594   3,5502E+09  1,3372E+07  1,1913E+07
0000595   3,5502E+09 -1,3676E+07 -1,8776E+07
0000596   3,5502E+09 -1,7538E+07  2,7476E+06
0000597   3,5502E+09  1,0211E+07 -1,0667E+06
0000598   3,5502E+09 -2,7855E+07 -3,2634E+06
0000599   3,5502E+09  2,8087E+07  6,3287E+06
0000600   3,5502E+09 -1,8973E+06 -2,9642E+05
0000601   3,5502E+09 -1,6991E+07  2,3596E+07
0000602   3,5502E+09  6,2151E+06  6,0298E+06
0000603   3,5502E+09 -6,1041E+05 -2,7403E+07
0000604   3,5502E+09 -1,7388E+07  8,8064E+06
0000605   3,5502E+09  1,0538E+07 -5,9193E+06
0000606   3,5502E+09  7,4698E+06 -5,4742E+06
0000607   3,5502E+09 -6,6096E+06 -1,1086E+07
0000608   3,5502E+09  7,6724E+06 -1,0965E+07
0000609   3,5502E+09 -4,4115E+06 -1,8903E+07
0000610   3,5502E+09 -2,7203E+06 -1,6175E+07
0000611   3,5502E+09  1,7414E+07 -1,0923E+06
0000612   3,5502E+09  8,2167E+06 -5,4891E+06
0000613   3,5502E+09  3,5731E+06  8,0134E+06
0000614   3,5502E+09  7,2696E+05  1,3197E+06
0000615   3,5502E+09 -6,7374E+06 -1,2982E+07
0000616   3,5502E+09 -2,8620E+07  2,9782E+07
0000617   3,5502E+09 -3,1444E+07  2,0616E+07
0000618   3,5502E+09 -2,9813E+07 -1,9751E+07
0000619   3,5502E+09 -1,4081E+07 -2,5621E+06
0000620   3,5502E+09 -2,4610E+06  3,5295E+07
0000621   3,5502E+09 -1,8972E+07 -1,4584E+07
0000622   3,5502E+09  2,6848E+07  5,5949E+06
0000623   3,5502E+09 -3,1349E+07 -1,0270E+07
0000624   3,5502E+09  7,6753E+06  3,2559E+07
0000625   3,5502E+09 -1,2095E+07  1,2614E+06
0000626   3,5502E+09  1,4703E+07 -3,5812E+06
0000627   3,5502E+09  1,4006E+07 -1,2610E+07
0000628   3,5502E+09  5,9433E+07  8,7183E+07
0000629   3,5502E+09  1,2262E+06  6,9536E+06
0000630   3,5502E+09  1,5904E+07 -1,1273E+07
0000631   3,5502E+09 -9,7479E+06  2,0577E+07
0000632   3,5502E+09  2,4835E+07  2,7838E+07
0000633   3,5502E+09  9,6225E+06 -1,2955E+07
0000634   3,5502E+09  1,0207E+06 -1,3248E+07
0000635   3,5502E+09 -2,8661E+07  7,3142E+06
0000636   3,5502E+09  4,4818E+07  1,6935E+07
0000637   3,5502E+09  1,2757E+07  5,3720E+06
0000638   3,5502E+09 -9,1456E+06 -4,0231E+06
0000639   3,5502E+09  1,7916E+07  1,9446E+07
0000640   3,5502E+09  8,2268E+06  6,7132E+06
0000641   3,5502E+09 -1,3587E+07  3,6044E+07
0000642   3,5502E+09 -6,2799E+06  3,4038E+07
0000643   3,5502E+09  3,5227E+07 -1,9039E+07
0000644   3,5502E+09  6,7975E+06 -2,2736E+07
0000645   3,5502E+09  4,2839E+06  9,3892E+06
0000646   3,5502E+09  1,8439E+07  1,5400E+07
0000647   3,5502E+09 -1,4835E+07 -1,3832E+07
0000648   3,5502E+09 -1,9082E+06 -5,7376E+06
0000649   3,5502E+09  1,5744E+07  5,1865E+05
0000650   3,5502E+09 -7,2120E+06 -1,3299E+07
0000651   3,5502E+09 -3,8504E+07  1,5407E+07
0000652   3,5502E+09  9,7719E+06 -8,3852E+06
0000653   3,5502E+09 -6,3543E+06 -1,0877E+07
0000654   3,5502E+09  3,5036E+07 -8,4050E+06
0000655   3,5502E+09  3,1916E+07  1,6411E+07
0000656   3,5502E+09  3,5026E+07  1,6712E+07
0000657   3,5502E+09  4,0243E+06 -4,5395E+06
0000658   3,5502E+09  2,4633E+07 -4,0139E+06
0000659   3,5502E+09  4,9454E+06 -1,4947E+07
0000660   3,5502E+09  1,7317E+07  8,8299E+06
0000661   3,5502E+09 -2,5210E+06 -1,8006E+06
0000662   3,5502E+09 -1,2512E+07 -1,0218E+07
0000663   3,5502E+09 -6,5121E+05 -3,3664E+07
0000664   3,5502E+09  1,5663E+07 -8,3210E+06
0000665   3,5502E+09  1,1660E+07 -2,9884E+06
0000666   3,5502E+09  3,7343E+05 -1,4197E+07
0000667   3,5502E+09 -1,4762E+07  1,1300E+07
0000668   3,5502E+09  8,2336E+06 -8,2679E+06
0000669   3,5502E+09 -2,1127E+07  2,7831E+07
0000670   3,5502E+09 -8,4726E+06  2,3633E+07
0000671   3,5502E+09 -1,2591E+07  3,6085E+07
0000672   3,5502E+09  1,6513E+07 -3,0269E+07
0000673   3,5502E+09 -6,9500E+06 -1,3417E+07
0000674   3,5502E+09  3,2463E+07  1,8444E+06
0000675   3,5502E+09 -9,7869E+06  1,5065E+06
0000676   3,5502E+09  1,5549E+07  2,1402E+07
0000677   3,5502E+09  8,6345E+06  1,5444E+07
0000678   3,5502E+09 -4,7989E+06  2,3644E+07
0000679   3,5502E+09  1,5698E+07  3,7133E+06
0000680   3,5502E+09  1,7259E+07 -1,6142E+07
0000681   3,5502E+09 -1,4384E+08 -3,6091E+08
0000682   3,5502E+09  8,8007E+07  1,4463E+07
0000683   3,5502E+09  8,0447E+06 -4,6589E+06
0000684   3,5502E+09 -8,3876E+06 -1,6311E+07
0000685   3,5502E+09 -2,0085E+07 -2,3884E+07
0000686   3,5502E+09  4,4897E+06 -1,8112E+07
0000687   3,5502E+09 -9,6671E+06  1,2372E+07
0000688   3,5502E+09  2,8137E+07 -2,3727E+07
0000689   3,5502E+09 -6,3013E+06  4,8726E+06
0000690   3,5502E+09  1,2812E+06 -8,7518E+06
0000691   3,5502E+09  1,1411E+06  1,7099E+06
0000692   3,5502E+09  2,1035E+06  7,8884E+06
0000693   3,5502E+09 -1,1915E+07  3,4026E+06
0000694   3,5502E+09  6,8780E+07  1,4768E+07
0000695   3,5502E+09  1,8728E+07  3,3964E+07
0000696   3,5502E+09 -1,7836E+07  3,1300E+05
0000697   3,5502E+09  2,9963E+07 -4,6573E+06
0000698   3,5502E+09  1,4436E+07 -6,6980E+06
0000699   3,5502E+09 -6,4304E+06  1,0019E+07
0000700   3,5502E+09  4,3380E+07  3,7847E+07
0000701   3,5502E+09  8,3440E+06 -1,3150E+07
0000702   3,5502E+09 -1,0391E+07 -9,3977E+06
0000703   3,5502E+09  1,4976E+07 -8,6244E+06
0000704   3,5502E+09  2,5588E+07  8,7658E+06
0000705   3,5502E+09 -2,2452E+07 -1,9302E+07
0000706   3,5502E+09  2,7024E+07 -1,1288E+07
0000707   3,5502E+09  2,0571E+06 -1,9907E+06
0000708   3,5502E+09  2,6017E+07 -1,3468E+07
0000709   3,5502E+09 -6,5262E+06 -3,0538E+07
0000710   3,5502E+09 -9,2640E+06 -5,7671E+07
0000711   3,5502E+09  1,4277E+07 -1,0117E+07
0000712   3,5502E+09  2,3553E+07  4,9607E+06
0000713   3,5502E+09  6,5663E+03 -1,8133E+07
0000714   3,5502E+09  2,3300E+07  4,6443E+06
0000715   3,5502E+09 -6,4728E+06 -1,4335E+07
0000716   3,5502E+09 -5,4081E+07 -2,8396E+07
0000717   3,5502E+09 -7,4242E+06  1,7860E+07
0000718   3,5502E+09  1,1186E+05 -1,5072E+07
0000719   3,5502E+09 -8,8211E+06  1,2334E+07
0000720   3,5502E+09 -2,0651E+07 -1,2011E+07
0000721   3,5502E+09  1,2325E+07  9,4765E+06
0000722   3,5502E+09 -3,2334E+07  3,8100E+06
0000723   3,5502E+09 -2,4499E+06  2,4981E+07
0000724   3,5502E+09 -1,9022E+07  5,5040E+07
0000725   3,5502E+09  1,5218E+07 -5,9667E+06
0000726   3,5502E+09 -2,4664E+06 -1,5272E+07
0000727   3,5502E+09 -1,1684E+07 -2,9282E+07
0000728   3,5502E+09  3,2387E+07 -2,7112E+07
0000729   3,5502E+09 -2,2187E+07  1,7217E+07
0000730   3,5502E+09 -2,1574E+07 -4,3687E+06
0000731   3,5502E+09  3,1855E+06  3,6564E+07
0000732   3,5502E+09 -1,2798E+06  1,6737E+07
0000733   3,5502E+09 -9,4022E+06 -2,6989E+07
0000734   3,5502E+09  2,8326E+06  2,8766E+07
0000735   3,5502E+09 -4,1838E+07  6,0398E+07
0000736   3,5502E+09  1,1534E+06  3,7563E+07
0000737   3,5502E+09  8,3903E+06 -7,4351E+07
0000738   3,5502E+09  1,7450E+07 -5,0187E+06
0000739   3,5502E+09 -4,4089E+07  1,7257E+07
0000740   3,5502E+09 -1,4019E+07 -9,2407E+06
0000741   3,5502E+09  1,9367E+07 -2,4313E+07
0000742   3,5502E+09 -1,4082E+07  1,8940E+07
0000743   3,5502E+09 -1,9480E+06 -2,0104E+07
0000744   3,5502E+09 -2,8471E+07 -2,8784E+07
0000745   3,5502E+09  1,8098E+07 -2,5946E+06
0000746   3,5502E+09 -1,5844E+07 -7,9471E+06
0000747   3,5502E+09  3,7079E+07  2,3431E+07
0000748   3,5502E+09  1,6219E+06 -5,6595E+06
0000749   3,5502E+09  7,8673E+05 -6,7180E+06
0000750   3,5502E+09  5,0259E+06 -4,1953E+06
0000751   3,5502E+09 -3,7543E+07 -1,0341E+08
0000752   3,5502E+09 -5,6445E+07  8,0387E+06
0000753   3,5502E+09  3,9169E+07 -2,4149E+07
0000754   3,5502E+09 -4,1086E+07 -1,4637E+07
0000755   3,5502E+09 -1,5477E+07 -5,3939E+06
0000756   3,5502E+09 -2,5792E+07 -1,0714E+06
0000757   3,5502E+09  1,9061E+07 -1,7414E+07
0000758   3,5502E+09  7,0326E+06  2,0165E+07
0000759   3,5502E+09 -1,0886E+07 -1,5844E+07
0000760   3,5502E+09  4,6208E+07 -3,5062E+06
0000761   3,5502E+09 -5,0319E+07 -2,0229E+07
0000762   3,5502E+09  1,6602E+07  3,0168E+06
0000763   3,5502E+09  2,3641E+07 -5,9185E+07
0000764   3,5502E+09  8,2133E+06  2,1765E+04
0000765   3,5502E+09 -7,4066E+07  5,7369E+07
0000766   3,5502E+09 -2,2198E+07 -1,0932E+06
0000767   3,5502E+09 -4,4221E+06 -7,1243E+06
0000768   3,5502E+09 -1,2052E+07  2,3191E+07
0000769   3,5502E+09 -2,0504E+07 -1,3367E+05
0000770   3,5502E+09  2,3845E+07  2,6557E+07
0000771   3,5502E+09 -9,4000E+06 -6,8848E+06
0000772   3,5502E+09 -1,2499E+08  6,5329E+07
0000773   3,5502E+09  6,2589E+06  1,5883E+07
0000774   3,5502E+09 -2,3183E+07  1,4538E+06
0000775   3,5502E+09  2,5370E+07  2,5267E+06
0000776   3,5502E+09 -2,7034E+07 -2,6573E+07
0000777   3,5502E+09  1,0088E+06  9,5826E+06
0000778   3,5502E+09 -2,4883E+07 -8,3433E+06
0000779   3,5502E+09 -2,8475E+07 -2,5128E+07
0000780   3,5502E+09 -1,4249E+07  4,0674E+05
0000781   3,5502E+09  4,3114E+07 -4,6593E+07
0000782   3,5502E+09  8,1940E+06 -9,1272E+06
0000783   3,5502E+09  1,2777E+06  2,3998E+06
0000784   3,5502E+09  2,4988E+07 -3,4467E+07
0000785   3,5502E+09  1,4307E+07  1,5232E+07
0000786   3,5502E+09  2,2261E+07  1,7592E+07
0000787   3,5502E+09 -1,6969E+07 -1,3272E+07
0000788   3,5502E+09  1,4164E+07  1,7818E+07
0000789   3,5502E+09 -1,7752E+07  4,7364E+06
0000790   3,5502E+09  1,7526E+05  3,5341E+07
0000791   3,5502E+09 -9,6774E+06 -3,5479E+07
0000792   3,5502E+09 -4,6677E+06  9,6351E+06
0000793   3,5502E+09  3,7254E+07  1,6855E+07
0000794   3,5502E+09 -1,8693E+07  2,6336E+07
0000795   3,5502E+09  1,7451E+07  2,3948E+07
0000796   3,5502E+09  7,1614E+06 -5,1602E+07
0000797   3,5502E+09  1,2356E+07  1,1831E+07
0000798   3,5502E+09  8,4920E+06  5,2107E+05
0000799   3,5502E+09  1,9487E+07  2,4585E+06
0000800   3,5502E+09 -4,5841E+07 -1,6977E+07
0000801   3,5502E+09  2,2350E+07 -1,8464E+06
0000802   3,5502E+09 -8,9392E+05 -1,3391E+07
0000803   3,5502E+09 -1,9959E+07  7,8501E+06
0000804   3,5502E+09  1,4584E+07  2,0346E+07
0000805   3,5502E+09  4,2719E+06 -1,4477E+07
0000806   3,5502E+09 -1,9695E+07 -2,7321E+07
0000807   3,5502E+09  9,4886E+06  2,2385E+06
0000808   3,5502E+09  3,6438E+05  2,9666E+06
0000809   3,5502E+09  1,3292E+07  2,7088E+07
0000810   3,5502E+09 -7,9176E+05  4,5325E+06
0000811   3,5502E+09 -4,4158E+06  2,3714E+07
0000812   3,5502E+09 -2,8363E+07  1,8900E+07
0000813   3,5502E+09  2,3224E+07  2,5478E+06
0000814   3,5502E+09  1,3992E+07  1,6887E+07
0000815   3,5502E+09 -8,7130E+06  1,0035E+07
0000816   3,5502E+09 -4,7577E+06 -5,6154E+06
0000817   3,5502E+09 -8,7904E+06  1,0165E+07
0000818   3,5502E+09  3,9867E+06 -2,4144E+07
0000819   3,5502E+09  9,3332E+06 -4,7827E+07
0000820   3,5502E+09  1,1824E+07  2,2800E+07
0000821   3,5502E+09 -2,2333E+07  4,8778E+05
0000822   3,5502E+09 -9,8445E+06 -3,9319E+06
0000823   3,5502E+09 -1,7336E+07  9,5122E+07
0000824   3,5502E+09  1,3602E+07 -1,6984E+07
0000825   3,5502E+09  3,0021E+06  1,3270E+07
0000826   3,5502E+09  2,2752E+07 -6,8300E+07
0000827   3,5502E+09  8,9494E+06  2,8451E+07
0000828   3,5502E+09  7,2133E+06  4,5182E+06
0000829   3,5502E+09  1,0720E+07 -3,5423E+06
0000830   3,5502E+09  3,6506E+06  8,3758E+06
0000831   3,5502E+09 -2,0081E+07 -1,1901E+07
0000832   3,5502E+09 -7,4656E+06 -1,9910E+07
0000833   3,5502E+09 -3,6319E+07  1,1390E+07
0000834   3,5502E+09 -5,8508E+06 -8,6777E+04
0000835   3,5502E+09  1,5775E+07 -3,1975E+07
0000836   3,5502E+09  1,7884E+06  2,1857E+07
0000837   3,5502E+09 -9,1698E+06 -4,9848E+06
0000838   3,5502E+09  9,8468E+06  1,0178E+07
0000839   3,5502E+09  2,2543E+07  2,0647E+06
0000840   3,5502E+09  5,7737E+07 -4,1929E+07
0000841   3,5502E+09  1,5647E+07  2,2688E+05
0000842   3,5502E+09 -6,8024E+06 -7,1155E+06
0000843   3,5502E+09 -1,4693E+06 -2,0789E+06
0000844   3,5502E+09  2,7708E+06  1,2895E+07
0000845   3,5502E+09 -1,9225E+06  3,3845E+06
0000846   3,5502E+09  2,2087E+07 -1,5090E+07
0000847   3,5502E+09  1,4880E+07  8,2825E+06
0000848   3,5502E+09 -3,2055E+07  3,6620E+06
0000849   3,5502E+09 -5,2427E+06 -1,0480E+07
0000850   3,5502E+09 -8,8900E+06  3,1833E+06
0000851   3,5502E+09  1,5077E+06 -1,0739E+07
0000852   3,5502E+09 -1,3973E+07  3,4752E+06
0000853   3,5502E+09  1,5607E+07  2,2495E+07
0000854   3,5502E+09 -1,9758E+07  2,7135E+07
0000855   3,5502E+09 -2,2314E+07  2,1584E+06
0000856   3,5502E+09 -1,2722E+07  2,1311E+07
0000857   3,5502E+09  1,7932E+07  1,9015E+06
0000858   3,5502E+09 -2,0112E+07  1,4645E+07
0000859   3,5502E+09  4,6879E+06  2,1925E+06
0000860   3,5502E+09 -4,6454E+07  4,2234E+06
0000861   3,5502E+09  4,1311E+07 -1,0649E+07
0000862   3,5502E+09  1,3996E+07 -5,9217E+06
0000863   3,5502E+09 -8,2199E+06 -2,5459E+06
0000864   3,5502E+09  3,7577E+07  7,5341E+06
0000865   3,5502E+09 -2,1091E+06 -6,8243E+07
0000866   3,5502E+09  2,3745E+07 -1,7466E+07
0000867   3,5502E+09 -2,6973E+05 -1,7604E+06
0000868   3,5502E+09  7,9095E+06 -8,3352E+06
0000869   3,5502E+09 -3,6134E+06 -1,2769E+07
0000870   3,5502E+09  2,0319E+06 -8,2066E+06
0000871   3,5502E+09  2,2110E+07  5,3059E+06
0000872   3,5502E+09 -2,7473E+07 -3,5517E+06
0000873   3,5502E+09  3,0517E+06  6,6299E+06
0000874   3,5502E+09  1,5284E+07 -2,2414E+07
0000875   3,5502E+09 -2,4148E+07 -1,2442E+07
0000876   3,5502E+09 -2,6386E+07 -1,8539E+07
0000877   3,5502E+09 -1,5086E+07  3,0979E+06
0000878   3,5502E+09 -1,9292E+07 -1,1812E+07
0000879   3,5502E+09  3,1411E+06 -2,5399E+06
0000880   3,5502E+09 -3,7397E+06  3,8160E+07
0000881   3,5502E+09  5,3632E+06 -1,0165E+06
0000882   3,5502E+09  1,7485E+07 -1,1553E+07
0000883   3,5502E+09  8,5423E+06 -9,7291E+06
0000884   3,5502E+09 -5,3653E+07  3,3183E+06
0000885   3,5502E+09  3,0065E+07 -4,3012E+05
0000886   3,5502E+09 -3,7430E+07  1,1136E+07
0000887   3,5502E+09 -9,7091E+06  2,4176E+07
0000888   3,5502E+09 -7,9815E+06  2,4944E+06
0000889   3,5502E+09 -2,8293E+07 -2,6846E+07
0000890   3,5502E+09  5,3189E+05  2,6537E+07
0000891   3,5502E+09  3,4238E+07 -4,0553E+06
0000892   3,5502E+09  5,5670E+07  5,2071E+06
0000893   3,5502E+09 -1,5185E+07 -1,7406E+07
0000894   3,5502E+09 -3,4941E+05  5,7318E+06
0000895   3,5502E+09  1,1489E+07 -3,6700E+06
0000896   3,5502E+09 -1,5922E+07  1,4235E+07
0000897   3,5502E+09 -1,1259E+07  6,8913E+06
0000898   3,5502E+09 -1,1917E+08 -4,8125E+07
0000899   3,5502E+09  4,2580E+06  2,8924E+07
0000900   3,5502E+09 -1,5786E+07 -3,1952E+07
0000901   3,5502E+09  8,5145E+06 -3,7854E+07
0000902   3,5502E+09 -7,7370E+06  3,2093E+06
0000903   3,5502E+09  1,3412E+07  1,3727E+06
0000904   3,5502E+09 -2,5414E+06 -1,8418E+07
0000905   3,5502E+09 -2,7707E+07  1,8335E+07
0000906   3,5502E+09  1,0103E+07  1,3223E+07
0000907   3,5502E+09  9,5496E+06  2,0521E+07
0000908   3,5502E+09  5,9606E+06  6,5362E+06
0000909   3,5502E+09  1,7009E+07  9,9832E+06
0000910   3,5502E+09 -3,2313E+07  1,6362E+07
0000911   3,5502E+09  1,6693E+07 -2,6327E+07
0000912   3,5502E+09 -4,3483E+07 -2,7424E+06
0000913   3,5502E+09  2,9820E+06  1,5605E+07
0000914   3,5502E+09  3,0631E+06 -1,0711E+07
0000915   3,5502E+09 -2,5494E+07  5,4390E+05
0000916   3,5502E+09 -7,5083E+06 -1,4378E+07
0000917   3,5502E+09 -6,8193E+05 -1,2987E+07
0000918   3,5502E+09 -2,6341E+07 -5,0001E+06
0000919   3,5502E+09 -1,8429E+07  4,3153E+06
0000920   3,5502E+09 -2,3320E+07 -2,9117E+07
0000921   3,5502E+09  1,1212E+07 -1,8786E+07
0000922   3,5502E+09 -4,3796E+05 -7,0955E+06
0000923   3,5502E+09  4,1958E+07  1,8356E+06
0000924   3,5502E+09  1,1759E+07 -7,6583E+06
0000925   3,5502E+09  2,4102E+07  1,3847E+07
0000926   3,5502E+09  3,6641E+07  6,5297E+07
0000927   3,5502E+09  9,0051E+06 -2,6059E+07
0000928   3,5502E+09  1,3952E+07 -3,9403E+07
0000929   3,5502E+09  9,5504E+06  7,9545E+06
0000930   3,5502E+09  1,5871E+07 -2,2326E+07
0000931   3,5502E+09 -1,0932E+07 -8,2682E+06
0000932   3,5502E+09 -1,7409E+07  1,9998E+07
0000933   3,5502E+09 -9,7645E+06 -2,8372E+06
0000934   3,5502E+09 -1,4025E+07  6,0318E+06
0000935   3,5502E+09 -3,2463E+07  1,2499E+07
0000936   3,5502E+09  1,6230E+06  5,9875E+06
0000937   3,5502E+09 -3,6183E+07 -2,4259E+07
0000938   3,5502E+09 -5,3071E+06 -3,2799E+07
0000939   3,5502E+09 -2,4057E+07 -3,5172E+06
0000940   3,5502E+09  1,3322E+07 -2,7885E+07
0000941   3,5502E+09  2,2178E+07 -2,2915E+07
0000942   3,5502E+09 -1,4120E+07 -1,9364E+07
0000943   3,5502E+09  5,6236E+06  9,0211E+06
0000944   3,5502E+09 -1,6715E+06  9,4683E+06
0000945   3,5502E+09  6,5635E+05  1,3439E+07
0000946   3,5502E+09  2,7029E+07 -7,2113E+06
0000947   3,5502E+09  1,9304E+07 -1,8576E+07
0000948   3,5502E+09 -2,0463E+07  2,1583E+07
0000949   3,5502E+09 -1,1037E+07  1,5223E+07
0000950   3,5502E+09  2,0724E+08 -1,3218E+08
0000951   3,5502E+09 -8,5239E+06 -3,5597E+06
0000952   3,5502E+09 -1,7855E+07 -8,1788E+06
0000953   3,5502E+09  1,5578E+07  3,2451E+06
0000954   3,5502E+09  9,0907E+06  1,2734E+07
0000955   3,5502E+09 -1,8173E+07 -3,4441E+07
0000956   3,5502E+09 -1,5746E+07  2,5875E+07
0000957   3,5502E+09 -4,5601E+06  2,7221E+07
0000958   3,5502E+09  3,3023E+07 -1,8433E+07
0000959   3,5502E+09  1,1111E+05 -4,6978E+06
0000960   3,5502E+09 -7,6995E+06  1,4711E+07
0000961   3,5502E+09  4,6322E+07 -2,5388E+07
0000962   3,5502E+09 -1,5165E+06 -2,5521E+07
0000963   3,5502E+09  4,0348E+07  9,6064E+06
0000964   3,5502E+09 -5,7740E+07 -3,4000E+07
0000965   3,5502E+09 -1,1462E+07 -1,5694E+07
0000966   3,5502E+09 -8,9296E+05 -2,6984E+07
0000967   3,5502E+09  2,5100E+07 -1,7706E+07
0000968   3,5502E+09 -5,5876E+06 -2,4237E+07
0000969   3,5502E+09 -5,3445E+06 -1,1870E+07
0000970   3,5502E+09 -1,3147E+07  4,1213E+07
0000971   3,5502E+09  2,7192E+07 -8,0573E+07
0000972   3,5502E+09 -3,1588E+07 -8,7135E+06
0000973   3,5502E+09 -2,7899E+07 -9,9466E+06
0000974   3,5502E+09  1,2259E+07  1,5912E+07
0000975   3,5502E+09  1,3253E+07 -8,4836E+06
0000976   3,5502E+09 -5,2968E+06 -1,4381E+07
0000977   3,5502E+09  2,4854E+07 -3,2282E+06
0000978   3,5502E+09  1,0812E+06  2,9871E+07
0000979   3,5502E+09 -1,8600E+07  1,3979E+07
0000980   3,5502E+09 -4,7057E+06 -3,2568E+06
0000981   3,5502E+09  8,5404E+06  1,1976E+07
0000982   3,5502E+09 -1,0150E+07 -8,7104E+06
0000983   3,5502E+09 -2,1096E+06 -1,1478E+07
0000984   3,5502E+09 -3,8034E+06 -4,3132E+07
0000985   3,5502E+09 -1,8709E+07  1,4851E+07
0000986   3,5502E+09  3,9717E+05  3,4427E+07
0000987   3,5502E+09 -1,5365E+07  1,6892E+07
0000988   3,5502E+09  9,2907E+06 -2,0123E+07
0000989   3,5502E+09  2,8150E+07  8,5359E+06
0000990   3,5502E+09  1,9960E+07  2,3319E+06
0000991   3,5502E+09  2,2695E+07 -5,2727E+07
0000992   3,5502E+09 -1,0639E+07  1,3905E+07
0000993   3,5502E+09 -2,8035E+07 -1,1505E+06
0000994   3,5502E+09 -3,5858E+07 -3,0656E+07
0000995   3,5502E+09  2,0301E+07 -9,8520E+06
0000996   3,5502E+09 -1,7364E+06  5,6320E+06
0000997   3,5502E+09 -1,6762E+07 -3,2707E+07
0000998   3,5502E+09 -2,1980E+07 -1,1448E+06
0000999   3,5502E+09  1,9283E+07 -2,1917E+07
0001000   3,5502E+09  2,7085E+07  1,2443E+07
0001001   3,5502E+09  2,4203E+07 -4,0922E+07
0001002   3,5502E+09  3,8669E+06 -4,1322E+06
0001003   3,5502E+09 -4,5130E+07 -4,1256E+06
0001004   3,5502E+09 -9,4392E+06  1,6721E+07
0001005   3,5502E+09  1,9271E+07 -6,2128E+06
0001006   3,5502E+09  1,2412E+07  1,6574E+07
0001007   3,5502E+09 -1,0850E+07  1,4679E+07
0001008   3,5502E+09  2,4355E+07 -1,4394E+07
0001009   3,5502E+09  7,4936E+06 -5,0692E+06
0001010   3,5502E+09  5,0986E+06 -1,1761E+07
0001011   3,5502E+09  3,0348E+07  2,3559E+04
0001012   3,5502E+09 -6,0715E+06  2,0945E+07
0001013   3,5502E+09  8,0741E+06 -7,1166E+06
0001014   3,5502E+09  2,1133E+06 -3,1817E+06
0001015   3,5502E+09  6,8400E+06 -3,2047E+06
0001016   3,5502E+09  2,9843E+07 -1,6808E+07
0001017   3,5502E+09 -3,0293E+07  1,4255E+07
0001018   3,5502E+09 -3,6761E+07 -1,4083E+07
0001019   3,5502E+09  3,8775E+08 -9,5548E+07
0001020   3,5502E+09 -6,7500E+07  2,3030E+06
0001021   3,5502E+09  5,4368E+07 -4,5771E+06
0001022   3,5502E+09 -2,1933E+07 -5,9789E+02
0001023   3,5502E+09 -2,0851E+07  3,4017E+07
0001024   3,5502E+09  1,2243E+07  9,0902E+06
0001025   3,5502E+09 -6,5075E+05 -1,9922E+07
0001026   3,5502E+09 -2,0541E+07  7,7788E+06
0001027   3,5502E+09  9,2743E+06  3,1622E+07
0001028   3,5502E+09  7,4613E+05 -2,9292E+06
0001029   3,5502E+09  9,8183E+06  1,2832E+07
0001030   3,5502E+09 -1,1964E+07  1,4605E+07
0001031   3,5502E+09  2,4008E+07 -5,2095E+07
0001032   3,5502E+09 -6,9079E+06 -1,5451E+07
0001033   3,5502E+09 -2,5773E+06  4,7275E+06
0001034   3,5502E+09  1,1041E+07  2,7957E+07
0001035   3,5502E+09  6,9329E+06  4,8085E+05
0001036   3,5502E+09 -5,8431E+06 -3,5443E+06
0001037   3,5502E+09 -8,4314E+06 -6,0268E+05
0001038   3,5502E+09  2,3968E+07 -8,7014E+06
0001039   3,5502E+09  1,6320E+07  6,6882E+05
0001040   3,5502E+09 -2,2022E+07  3,5881E+06
0001041   3,5502E+09 -3,9743E+07 -1,9128E+07
0001042   3,5502E+09 -2,0666E+07 -3,4942E+06
0001043   3,5502E+09  2,2870E+07  1,5435E+07
0001044   3,5502E+09  1,7147E+06  1,9347E+06
0001045   3,5502E+09 -6,7862E+06 -2,8977E+07
0001046   3,5502E+09 -8,9323E+06 -7,4736E+06
0001047   3,5502E+09  1,8655E+07  6,1996E+06
0001048   3,5502E+09 -6,5269E+07  7,3572E+07
0001049   3,5502E+09 -5,9817E+07 -7,0278E+06
0001050   3,5502E+09  2,0002E+07  1,6434E+05
0001051   3,5502E+09  1,8510E+07 -3,6118E+07
0001052   3,5502E+09 -2,5840E+07  1,5059E+06
0001053   3,5502E+09 -3,9204E+07 -1,2319E+07
0001054   3,5502E+09 -9,3686E+06 -4,9393E+06
0001055   3,5502E+09 -7,5533E+06  8,4195E+06
0001056   3,5502E+09 -9,7549E+06 -3,3903E+06
0001057   3,5502E+09 -6,7465E+07  1,7508E+07
0001058   3,5502E+09  1,3522E+07 -6,8364E+06
0001059   3,5502E+09 -2,2114E+06  3,1404E+06
0001060   3,5502E+09  4,3712E+08 -7,7708E+07
0001061   3,5502E+09 -2,9210E+07 -4,5468E+06
0001062   3,5502E+09 -7,8951E+06  1,1172E+07
0001063   3,5502E+09 -4,7391E+06  7,8981E+07
0001064   3,5502E+09  3,0981E+07  4,5076E+07
0001065   3,5502E+09  5,5770E+07  3,3636E+07
0001066   3,5502E+09  2,3815E+07 -1,0157E+05
0001067   3,5502E+09  1,0785E+07  1,4702E+06
0001068   3,5502E+09  1,4107E+07  1,8061E+07
0001069   3,5502E+09 -8,2032E+06 -3,4426E+07
0001070   3,5502E+09 -5,2459E+06 -3,2900E+06
0001071   3,5502E+09 -1,2105E+07  1,0798E+07
0001072   3,5502E+09 -1,1563E+07  8,4570E+06
0001073   3,5502E+09 -1,4558E+07 -7,4302E+06
0001074   3,5502E+09 -6,2773E+06  3,2742E+06
0001075   3,5502E+09  1,5832E+07 -1,7295E+06
0001076   3,5502E+09  3,4196E+06 -7,9849E+06
0001077   3,5502E+09  2,3079E+07  1,9435E+07
0001078   3,5502E+09  1,9923E+07  3,0878E+06
0001079   3,5502E+09 -8,9640E+06 -1,3009E+07
0001080   3,5502E+09  1,0310E+07 -4,9134E+06
0001081   3,5502E+09  8,2326E+06 -4,6330E+06
0001082   3,5502E+09  1,1052E+07 -6,3445E+06
0001083   3,5502E+09  1,7183E+07 -2,6904E+07
0001084   3,5502E+09 -4,4786E+06 -2,5431E+06
0001085   3,5502E+09  2,0914E+07 -2,8889E+07
0001086   3,5502E+09 -2,0310E+07 -2,8427E+07
0001087   3,5502E+09  1,3646E+07 -5,6432E+06
0001088   3,5502E+09  5,5914E+06  3,5950E+07
0001089   3,5502E+09  3,4494E+07 -1,0026E+07
0001090   3,5502E+09  2,8439E+06  2,7107E+07
0001091   3,5502E+09 -2,4586E+07 -1,5419E+07
0001092   3,5502E+09  1,9216E+07  1,0830E+07
0001093   3,5502E+09 -4,2584E+07  5,3533E+07
0001094   3,5502E+09 -1,6589E+07 -3,6860E+07
0001095   3,5502E+09 -1,8630E+06 -3,8817E+07
0001096   3,5502E+09  1,3780E+07  9,1930E+06
0001097   3,5502E+09 -6,6842E+05  1,3229E+07
0001098   3,5502E+09  2,4609E+07 -1,3954E+07
0001099   3,5502E+09  3,2777E+07  1,8647E+07
0001100   3,5502E+09  1,2315E+07  2,6546E+07
0001101   3,5502E+09 -3,4480E+07 -1,7341E+07
0001102   3,5502E+09  9,9720E+06 -1,1272E+07
0001103   3,5502E+09  6,6306E+06 -3,4820E+06
0001104   3,5502E+09 -2,5505E+07 -8,1728E+05
0001105   3,5502E+09  1,6501E+07 -3,7316E+06
0001106   3,5502E+09 -2,0008E+07 -3,0381E+07
0001107   3,5502E+09 -4,0876E+06  1,5653E+07
0001108   3,5502E+09  1,7737E+07  1,4150E+07
0001109   3,5502E+09  1,8597E+06  8,3180E+06
0001110   3,5502E+09 -7,3716E+06  1,8779E+07
0001111   3,5502E+09  1,9984E+06 -1,2036E+07
0001112   3,5502E+09  3,7881E+06  2,4034E+07
0001113   3,5502E+09  5,4007E+06 -2,4110E+07
0001114   3,5502E+09  3,5687E+07 -1,1219E+06
0001115   3,5502E+09 -2,2420E+07 -2,1376E+07
0001116   3,5502E+09  2,0925E+07 -3,2127E+06
0001117   3,5502E+09  7,5637E+06  2,4546E+07
0001118   3,5502E+09  3,2088E+06  4,1201E+06
0001119   3,5502E+09  1,5710E+07  7,4466E+06
0001120   3,5502E+09 -9,1889E+06 -8,5595E+06
0001121   3,5502E+09 -6,7572E+06 -2,5246E+06
0001122   3,5502E+09  6,3427E+07 -3,9652E+07
0001123   3,5502E+09  5,2406E+06  1,1577E+07
0001124   3,5502E+09 -5,0475E+06  6,4940E+06
0001125   3,5502E+09  2,4698E+07 -4,3114E+06
0001126   3,5502E+09  4,8404E+06  1,3404E+07
0001127   3,5502E+09  3,2666E+07  7,7671E+06
0001128   3,5502E+09 -2,8689E+07 -1,9364E+07
0001129   3,5502E+09 -3,5793E+06  1,3106E+07
0001130   3,5502E+09  1,8423E+07  2,7881E+07
0001131   3,5502E+09 -5,5508E+07 -8,2931E+07
0001132   3,5502E+09 -1,2799E+07  2,5805E+07
0001133   3,5502E+09 -7,4473E+06 -9,5171E+06
0001134   3,5502E+09  1,8075E+07  2,9583E+07
0001135   3,5502E+09  2,7073E+07  8,2587E+06
0001136   3,5502E+09  1,5977E+07 -5,1332E+07
0001137   3,5502E+09 -7,2782E+06 -3,0375E+06
0001138   3,5502E+09 -1,8110E+07 -9,5273E+06
0001139   3,5502E+09 -5,4377E+07 -6,2507E+06
0001140   3,5502E+09  5,9366E+05 -4,3510E+07
0001141   3,5502E+09 -1,0312E+07  1,4298E+07
0001142   3,5502E+09 -1,4917E+07  2,1168E+07
0001143   3,5502E+09  1,6998E+07  7,6324E+06
0001144   3,5502E+09  5,1198E+06 -7,3399E+06
0001145   3,5502E+09  6,1638E+06  8,8244E+06
0001146   3,5502E+09  1,3941E+07 -8,0406E+06
0001147   3,5502E+09  4,2661E+07  9,7906E+06
0001148   3,5502E+09 -3,5583E+06 -1,0756E+07
0001149   3,5502E+09 -1,5159E+06 -3,0391E+07
0001150   3,5502E+09  1,9804E+07  1,2455E+06
0001151   3,5502E+09 -4,3582E+07 -8,6638E+06
0001152   3,5502E+09  3,6135E+06  3,0488E+07
0001153   3,5502E+09 -1,5223E+07 -2,1969E+06
0001154   3,5502E+09 -5,1944E+07 -7,3074E+07
0001155   3,5502E+09  1,0089E+08  7,0606E+07
0001156   3,5502E+09  1,5637E+07 -1,5216E+07
0001157   3,5502E+09  3,1631E+07  1,6639E+07
0001158   3,5502E+09  1,2997E+06  3,5311E+07
0001159   3,5502E+09  1,7185E+07 -3,3773E+06
0001160   3,5502E+09  7,9121E+06  1,9621E+06
0001161   3,5502E+09 -5,7778E+06  5,2787E+06
0001162   3,5502E+09  1,6178E+07  1,9822E+07
0001163   3,5502E+09  1,0120E+07 -1,9264E+07
0001164   3,5502E+09  3,5568E+07 -1,0513E+07
0001165   3,5502E+09 -1,1474E+07 -3,6695E+06
0001166   3,5502E+09  1,2427E+07  5,6682E+06
0001167   3,5502E+09  1,5351E+07 -3,3586E+07
0001168   3,5502E+09  2,0457E+06 -3,1302E+07
0001169   3,5502E+09  2,6649E+07 -2,2667E+07
0001170   3,5502E+09  7,7667E+06 -1,8177E+07
0001171   3,5502E+09  3,2205E+06  1,0963E+07
0001172   3,5502E+09 -2,0086E+07  8,9356E+06
0001173   3,5502E+09  3,0980E+06 -1,7428E+07
0001174   3,5502E+09 -7,6501E+03  3,2776E+07
0001175   3,5502E+09  1,7627E+07 -1,7393E+07
0001176   3,5502E+09 -1,7902E+07 -1,0526E+07
0001177   3,5502E+09 -7,2604E+06 -1,2517E+07
0001178   3,5502E+09 -3,8477E+06 -1,3181E+07
0001179   3,5502E+09 -2,9772E+07  6,2896E+06
0001180   3,5502E+09 -1,7376E+06 -1,1110E+06
0001181   3,5502E+09 -3,1253E+05  1,2244E+07
0001182   3,5502E+09  4,3862E+06  1,1640E+07
0001183   3,5502E+09 -2,5840E+07  2,1349E+07
0001184   3,5502E+09  1,4498E+07 -1,3325E+07
0001185   3,5502E+09  4,1412E+06 -4,0182E+05
0001186   3,5502E+09  5,0157E+07 -1,8936E+07
0001187   3,5502E+09 -9,0068E+06 -7,0458E+06
0001188   3,5502E+09 -2,5164E+06 -4,6181E+06
0001189   3,5502E+09 -3,9386E+07 -6,6525E+06
0001190   3,5502E+09 -3,4297E+07 -2,9115E+07
0001191   3,5502E+09 -4,7248E+06  1,6777E+07
0001192   3,5502E+09  4,1359E+06  6,6362E+06
0001193   3,5502E+09  1,1047E+07 -1,9138E+06
0001194   3,5502E+09 -6,0958E+07  8,6039E+06
0001195   3,5502E+09 -6,1071E+06  2,5138E+07
0001196   3,5502E+09 -2,1975E+06 -1,0868E+07
0001197   3,5502E+09 -1,7461E+07  2,6928E+07
0001198   3,5502E+09  2,8966E+06 -8,3637E+05
0001199   3,5502E+09  6,9759E+07  1,7251E+07
0001200   3,5502E+09  2,9473E+07  4,8090E+06
0001201   3,5502E+09  1,0696E+07 -7,2739E+06
0001202   3,5502E+09  1,6988E+07 -3,4150E+07
0001203   3,5502E+09 -1,3649E+06  2,9288E+07
0001204   3,5502E+09 -1,5827E+07  3,4042E+06
0001205   3,5502E+09  9,4301E+06  1,4361E+07
0001206   3,5502E+09  7,6929E+06  4,1083E+06
0001207   3,5502E+09  1,7139E+07 -5,5253E+07
0001208   3,5502E+09  2,5886E+06 -5,7297E+06
0001209   3,5502E+09 -2,2995E+07  4,7406E+07
0001210   3,5502E+09 -1,3995E+07 -8,3794E+06
0001211   3,5502E+09 -1,0243E+07  1,7447E+07
0001212   3,5502E+09 -1,5190E+07  1,7760E+07
0001213   3,5502E+09 -1,0748E+07  7,6730E+06
0001214   3,5502E+09 -2,5529E+06  1,1301E+07
0001215   3,5502E+09 -3,3671E+07 -3,0662E+07
0001216   3,5502E+09  3,3764E+07 -8,5947E+06
0001217   3,5502E+09  5,0639E+06 -1,9400E+07
0001218   3,5502E+09  3,5682E+07 -3,0640E+06
0001219   3,5502E+09  1,1239E+07  2,0261E+07
0001220   3,5502E+09 -2,5672E+07  6,7585E+06
0001221   3,5502E+09 -5,9813E+07 -1,1094E+07
0001222   3,5502E+09 -1,4846E+07  8,6205E+05
0001223   3,5502E+09 -9,6951E+06  2,9542E+07
0001224   3,5502E+09 -2,2169E+07 -1,4304E+07
0001225   3,5502E+09 -2,2237E+07  2,9149E+07
0001226   3,5502E+09  2,5148E+07 -5,9020E+06
0001227   3,5502E+09 -9,8979E+06  2,5671E+07
0001228   3,5502E+09 -2,4195E+05  3,0213E+07
0001229   3,5502E+09  2,9691E+07  4,0010E+07
0001230   3,5502E+09  1,1355E+07 -1,9906E+06
0001231   3,5502E+09 -3,7169E+07  8,1876E+06
0001232   3,5502E+09  1,5079E+07 -6,5636E+07
0001233   3,5502E+09 -1,1910E+07 -1,3232E+07
0001234   3,5502E+09  1,2279E+07  1,7846E+07
0001235   3,5502E+09 -1,8140E+07 -3,3233E+07
0001236   3,5502E+09  1,2579E+07 -1,5450E+07
0001237   3,5502E+09  1,0969E+07 -1,5798E+07
0001238   3,5502E+09 -6,6879E+06 -4,7273E+06
0001239   3,5502E+09 -1,8815E+06  1,3061E+06
0001240   3,5502E+09 -2,1078E+07  6,2563E+06
0001241   3,5502E+09  8,4327E+05  1,6768E+06
0001242   3,5502E+09  2,0778E+07 -1,0132E+07
0001243   3,5502E+09  3,8357E+07 -5,7863E+06
0001244   3,5502E+09  1,5432E+07  2,8868E+06
0001245   3,5502E+09  1,3046E+07  3,1570E+07
0001246   3,5502E+09  1,5051E+07  5,9565E+06
0001247   3,5502E+09 -9,4524E+06  1,3685E+07
0001248   3,5502E+09  4,2701E+07  1,4514E+07
0001249   3,5502E+09 -2,2252E+06 -1,1411E+07
0001250   3,5502E+09  3,2305E+07  1,9210E+05
0001251   3,5502E+09 -6,8792E+06 -1,9287E+07
0001252   3,5502E+09 -3,3849E+07  2,6557E+07
0001253   3,5502E+09 -1,3882E+07  5,3250E+06
0001254   3,5502E+09  2,0586E+06 -1,1992E+07
0001255   3,5502E+09  1,3019E+07  1,5374E+07
0001256   3,5502E+09  3,0105E+07 -7,5793E+06
0001257   3,5502E+09 -6,3140E+06 -6,5912E+06
0001258   3,5502E+09  1,1042E+07 -5,2423E+06
0001259   3,5502E+09 -1,3793E+07  1,9533E+06
0001260   3,5502E+09  8,2236E+06 -1,3366E+07
0001261   3,5502E+09  1,3516E+07 -6,8497E+06
0001262   3,5502E+09 -1,7407E+06  1,9403E+07
0001263   3,5502E+09  2,0995E+07  9,7338E+06
0001264   3,5502E+09 -3,5363E+06 -1,1832E+07
0001265   3,5502E+09  4,0440E+06 -3,8678E+07
0001266   3,5502E+09  4,8490E+07  1,8349E+07
0001267   3,5502E+09 -3,1722E+08 -5,7775E+08
0001268   3,5502E+09 -1,3060E+07 -8,4040E+06
0001269   3,5502E+09  6,0190E+06 -1,3541E+07
0001270   3,5502E+09 -4,7717E+06  2,9682E+07
0001271   3,5502E+09  4,4564E+06  1,2878E+07
0001272   3,5502E+09  2,2751E+07  1,3697E+07
0001273   3,5502E+09 -1,7657E+07  2,6745E+06
0001274   3,5502E+09 -9,0495E+06 -3,2598E+06
0001275   3,5502E+09 -1,0180E+07 -1,5331E+07
0001276   3,5502E+09 -1,8700E+06 -9,3876E+06
0001277   3,5502E+09  1,3840E+07  1,9622E+07
0001278   3,5502E+09  2,3185E+07 -2,1121E+07
0001279   3,5502E+09  1,7039E+07  7,0691E+06
0001280   3,5502E+09 -4,8257E+06 -8,1188E+07
0001281   3,5502E+09 -4,0472E+06  8,0049E+06
0001282   3,5502E+09 -1,2059E+07  1,1366E+07
0001283   3,5502E+09 -1,0675E+06 -2,0727E+05
0001284   3,5502E+09  1,2514E+07 -1,0067E+07
0001285   3,5502E+09  3,9565E+06  9,2723E+06
0001286   3,5502E+09  1,4825E+07 -7,9043E+06
0001287   3,5502E+09  1,7617E+07 -1,0731E+07
0001288   3,5502E+09  2,5591E+07  1,4154E+07
0001289   3,5502E+09 -4,4818E+06 -1,1763E+07
0001290   3,5502E+09  2,0176E+07 -5,3451E+07
0001291   3,5502E+09  4,1623E+07 -1,2415E+07
0001292   3,5502E+09  7,1699E+06 -2,7246E+07
0001293   3,5502E+09 -2,0392E+07  1,0580E+07
0001294   3,5502E+09  2,1768E+07 -1,5010E+07
0001295   3,5502E+09  1,5268E+07  4,8761E+06
0001296   3,5502E+09  3,6653E+07 -3,7708E+07
0001297   3,5502E+09  4,8870E+06 -5,9313E+06
0001298   3,5502E+09  1,3969E+07  1,1204E+07
0001299   3,5502E+09 -2,0020E+07 -1,0839E+07
0001300   3,5502E+09 -1,9510E+07 -2,6685E+07
0001301   3,5502E+09  1,5561E+07 -1,7724E+07
0001302   3,5502E+09 -2,0633E+06  6,1943E+06
0001303   3,5502E+09 -1,5958E+07 -8,7483E+06
0001304   3,5502E+09 -1,1726E+07 -8,1838E+05
0001305   3,5502E+09 -2,2355E+07 -1,1449E+07
0001306   3,5502E+09  2,4697E+07 -1,6023E+06
0001307   3,5502E+09 -5,7198E+06 -2,0342E+07
0001308   3,5502E+09  5,9426E+06  1,8302E+07
0001309   3,5502E+09  1,4714E+07  2,8648E+06
0001310   3,5502E+09  1,2257E+07 -2,4839E+07
0001311   3,5502E+09 -6,1081E+06  1,0652E+07
0001312   3,5502E+09 -1,3565E+07 -3,9294E+06
0001313   3,5502E+09 -3,0749E+07 -1,3448E+07
0001314   3,5502E+09  1,2773E+07  2,0206E+07
0001315   3,5502E+09 -8,1564E+06 -1,8899E+06
0001316   3,5502E+09  1,0159E+07 -3,5440E+07
0001317   3,5502E+09 -8,6575E+06  1,8314E+07
0001318   3,5502E+09 -1,2788E+07  2,4584E+07
0001319   3,5502E+09  7,4405E+06 -1,4408E+07
0001320   3,5502E+09 -1,2046E+07  1,4738E+07
0001321   3,5502E+09  1,8193E+07 -1,3390E+06
0001322   3,5502E+09 -1,0760E+06 -2,7703E+07
0001323   3,5502E+09  2,8066E+06  1,5492E+07
0001324   3,5502E+09 -1,0687E+07 -1,1911E+07
0001325   3,5502E+09 -8,5169E+06  3,7429E+06
0001326   3,5502E+09  1,9748E+07  1,4406E+07
0001327   3,5502E+09 -1,8366E+07  3,3735E+07
0001328   3,5502E+09 -1,4852E+07  1,1840E+06
0001329   3,5502E+09 -8,3973E+06 -4,3584E+06
0001330   3,5502E+09  3,3709E+06  1,8146E+07
0001331   3,5502E+09  2,4357E+07  6,7760E+06
0001332   3,5502E+09  5,7175E+07  3,2398E+07
0001333   3,5502E+09 -4,3541E+07  5,0157E+07
0001334   3,5502E+09  6,9348E+06  1,1834E+07
0001335   3,5502E+09 -3,9404E+06  9,9459E+06
0001336   3,5502E+09  5,7161E+06  1,6462E+07
0001337   3,5502E+09  1,4166E+07  1,4418E+07
0001338   3,5502E+09 -3,8549E+07 -4,9859E+06
0001339   3,5502E+09 -2,3575E+07  3,3326E+07
0001340   3,5502E+09  1,4181E+07  8,5614E+06
0001341   3,5502E+09 -1,2837E+07 -9,2310E+06
0001342   3,5502E+09  1,7124E+07  4,6007E+07
0001343   3,5502E+09  2,7332E+07  7,5817E+06
0001344   3,5502E+09  1,1783E+07  1,6256E+07
0001345   3,5502E+09  1,3358E+07 -4,0913E+06
0001346   3,5502E+09  1,6575E+07  5,9793E+06
0001347   3,5502E+09 -2,4116E+07 -7,4069E+06
0001348   3,5502E+09  5,3014E+06  2,1782E+06
0001349   3,5502E+09 -4,3888E+06 -2,2850E+07
0001350   3,5502E+09  2,9447E+06 -3,5471E+07
0001351   3,5502E+09 -3,4256E+06  8,2747E+04
0001352   3,5502E+09 -1,3118E+07 -6,9652E+06
0001353   3,5502E+09  1,6852E+07  1,3533E+07
0001354   3,5502E+09  6,7758E+07  4,5214E+07
0001355   3,5502E+09 -8,3046E+07  3,7737E+07
0001356   3,5502E+09 -2,8955E+07  4,3026E+07
0001357   3,5502E+09  8,2333E+05  7,3331E+06
0001358   3,5502E+09 -1,0057E+06  1,6272E+07
0001359   3,5502E+09 -3,6349E+06 -7,1618E+06
0001360   3,5502E+09  3,3721E+07 -1,2499E+06
0001361   3,5502E+09 -1,6109E+07  6,1025E+07
0001362   3,5502E+09  5,2950E+07  7,4926E+07
0001363   3,5502E+09  1,5645E+06 -3,0658E+07
0001364   3,5502E+09  1,6694E+07  1,9601E+07
0001365   3,5502E+09 -1,5644E+07 -1,6285E+06
0001366   3,5502E+09  2,7783E+07 -2,2459E+07
0001367   3,5502E+09 -3,7419E+07  3,3984E+06
0001368   3,5502E+09  1,4509E+07  4,8695E+06
0001369   3,5502E+09 -1,2603E+07  2,2449E+07
0001370   3,5502E+09 -4,6038E+05  8,5265E+06
0001371   3,5502E+09  2,2468E+07  6,8853E+06
0001372   3,5502E+09  2,9808E+07 -2,1493E+07
0001373   3,5502E+09  9,6615E+06 -1,4147E+07
0001374   3,5502E+09  7,6930E+06 -3,6185E+07
0001375   3,5502E+09 -1,5286E+07  2,4117E+07
0001376   3,5502E+09 -3,5208E+05  2,7768E+06
0001377   3,5502E+09  1,7574E+08 -9,4488E+06
0001378   3,5502E+09  1,4417E+07  5,7087E+06
0001379   3,5502E+09 -2,7928E+07  1,7479E+07
0001380   3,5502E+09  7,6062E+06 -1,5458E+07
0001381   3,5502E+09 -3,3813E+07 -9,8966E+06
0001382   3,5502E+09 -1,7415E+07  1,1530E+07
0001383   3,5502E+09 -2,5632E+07  8,0788E+06
0001384   3,5502E+09 -4,8148E+06 -5,7148E+06
0001385   3,5502E+09  1,8170E+07 -8,7749E+06
0001386   3,5502E+09 -8,7628E+06  3,9546E+06
0001387   3,5502E+09  8,0782E+06  1,1947E+06
0001388   3,5502E+09 -1,0652E+07 -9,0638E+06
0001389   3,5502E+09  2,2165E+07 -4,9530E+06
0001390   3,5502E+09  1,7162E+06 -1,4630E+07
0001391   3,5502E+09 -5,2664E+07 -4,6127E+06
0001392   3,5502E+09  7,6475E+06 -8,2342E+06
0001393   3,5502E+09 -6,4315E+06  1,2319E+07
0001394   3,5502E+09 -1,4133E+07 -1,3034E+07
0001395   3,5502E+09  1,5926E+07  2,3997E+07
0001396   3,5502E+09 -1,9530E+07 -2,5222E+07
0001397   3,5502E+09 -1,0018E+07  6,4203E+06
0001398   3,5502E+09 -4,1995E+06 -4,2394E+07
0001399   3,5502E+09  9,0247E+05 -1,5655E+06
0001400   3,5502E+09 -1,2553E+07 -2,4209E+06
0001401   3,5502E+09  1,5676E+07  3,0803E+07
0001402   3,5502E+09  7,4018E+06  1,9482E+07
0001403   3,5502E+09 -8,7297E+07 -4,4876E+07
0001404   3,5502E+09  3,2951E+07 -2,2315E+07
0001405   3,5502E+09 -3,8373E+04  4,9114E+06
0001406   3,5502E+09 -1,2585E+07 -1,2162E+07
0001407   3,5502E+09  5,8646E+05 -1,0246E+07
0001408   3,5502E+09 -2,4637E+07 -4,3066E+06
0001409   3,5502E+09 -1,2819E+06 -1,3363E+07
0001410   3,5502E+09  8,4948E+05 -1,6011E+07
0001411   3,5502E+09  3,3040E+07 -1,4569E+07
0001412   3,5502E+09  1,1415E+07 -2,4934E+07
0001413   3,5502E+09 -1,7563E+07  5,3511E+06
0001414   3,5502E+09 -6,5257E+06  6,8920E+06
0001415   3,5502E+09 -1,1813E+07  6,6534E+06
0001416   3,5502E+09 -8,8294E+06 -1,8072E+07
0001417   3,5502E+09 -5,7867E+06  4,8351E+06
0001418   3,5502E+09 -6,0933E+06 -7,9624E+06
0001419   3,5502E+09 -2,2114E+07 -2,6671E+06
0001420   3,5502E+09  2,8589E+07  1,9950E+07
0001421   3,5502E+09 -1,7424E+07 -8,1577E+06
0001422   3,5502E+09 -8,3203E+06  1,0463E+06
0001423   3,5502E+09 -2,5622E+07 -6,9491E+06
0001424   3,5502E+09  2,4190E+06  2,9687E+07
0001425   3,5502E+09  6,0129E+06  1,7768E+07
0001426   3,5502E+09 -7,5871E+06  2,5494E+06
0001427   3,5502E+09 -2,8309E+07 -2,3949E+06
0001428   3,5502E+09 -1,1038E+07  1,7077E+07
0001429   3,5502E+09  2,7829E+07 -1,1809E+07
0001430   3,5502E+09  3,8798E+07  1,4918E+07
0001431   3,5502E+09 -1,0908E+07  1,1115E+06
0001432   3,5502E+09  2,8106E+06 -3,2638E+06
0001433   3,5502E+09  5,2929E+06  2,4398E+07
0001434   3,5502E+09  1,2556E+07 -4,6196E+06
0001435   3,5502E+09 -1,5916E+07 -1,6268E+07
0001436   3,5502E+09  2,5955E+07  5,9264E+06
0001437   3,5502E+09 -3,3319E+07  9,4134E+06
0001438   3,5502E+09 -6,9839E+06 -1,1599E+06
0001439   3,5502E+09  1,4682E+07  6,6221E+06
0001440   3,5502E+09  5,4090E+06 -2,6494E+07
0001441   3,5502E+09 -1,0531E+07 -3,4735E+07
0001442   3,5502E+09  8,0004E+05  8,3881E+06
0001443   3,5502E+09 -6,1867E+06  1,0857E+07
0001444   3,5502E+09 -1,9729E+07 -1,5255E+07
0001445   3,5502E+09  1,7120E+06  2,3770E+07
0001446   3,5502E+09  1,6448E+07 -2,0075E+07
0001447   3,5502E+09  1,7617E+07 -5,6496E+07
0001448   3,5502E+09 -1,7973E+07 -2,8536E+07
0001449   3,5502E+09  4,2017E+05 -1,2047E+07
0001450   3,5502E+09  7,8935E+06  1,8379E+07
0001451   3,5502E+09  9,2129E+06  2,0736E+05
0001452   3,5502E+09  4,6717E+06  4,0192E+06
0001453   3,5502E+09  5,1886E+06 -2,0549E+07
0001454   3,5502E+09  1,4288E+05  4,0433E+07
0001455   3,5502E+09 -5,0942E+06  1,2716E+07
0001456   3,5502E+09 -1,2942E+06 -7,0380E+07
0001457   3,5502E+09  1,1378E+07 -3,2733E+07
0001458   3,5502E+09 -2,2684E+07 -1,2721E+07
0001459   3,5502E+09  3,4977E+06  4,8629E+06
0001460   3,5502E+09 -1,6168E+07 -7,6691E+06
0001461   3,5502E+09  4,1209E+07 -8,6426E+06
0001462   3,5502E+09 -1,0920E+06 -1,9492E+06
0001463   3,5502E+09  2,5519E+07  1,6330E+07
0001464   3,5502E+09 -1,4337E+07 -2,6045E+06
0001465   3,5502E+09 -1,0100E+07  1,9185E+07
0001466   3,5502E+09  9,0237E+06 -4,4204E+06
0001467   3,5502E+09 -2,2720E+06  1,5544E+07
0001468   3,5502E+09  2,2645E+07  3,0111E+07
0001469   3,5502E+09 -2,6868E+06  1,1623E+07
0001470   3,5502E+09 -5,8960E+06  8,6830E+04
0001471   3,5502E+09 -4,6826E+06  3,3517E+06
0001472   3,5502E+09 -1,7126E+07  1,3414E+07
0001473   3,5502E+09  1,5235E+06 -1,0509E+07
0001474   3,5502E+09 -4,8454E+06 -8,7468E+05
0001475   3,5502E+09  8,2405E+06 -9,7962E+06
0001476   3,5502E+09  1,9997E+06  1,8804E+07
0001477   3,5502E+09 -2,4734E+07 -2,3742E+07
0001478   3,5502E+09  1,8193E+07  1,1288E+07
0001479   3,5502E+09 -1,0858E+07  1,0204E+07
0001480   3,5502E+09  1,3252E+07  3,0197E+07
0001481   3,5502E+09  6,6177E+06 -4,0445E+06
0001482   3,5502E+09 -1,1239E+07 -1,4101E+07
0001483   3,5502E+09 -8,9547E+06 -5,1108E+07
0001484   3,5502E+09 -3,0052E+07 -4,0561E+06
0001485   3,5502E+09  1,0249E+07  1,9996E+07
0001486   3,5502E+09  5,5129E+06 -2,1282E+07
0001487   3,5502E+09 -1,6245E+07 -6,1202E+07
0001488   3,5502E+09 -3,5179E+07 -6,4834E+07
0001489   3,5502E+09  4,9720E+06 -1,4894E+07
0001490   3,5502E+09 -1,0463E+07 -8,9209E+05
0001491   3,5502E+09  1,8461E+07 -1,6934E+07
0001492   3,5502E+09 -3,1600E+05 -2,5930E+06
0001493   3,5502E+09  2,6608E+07  4,1685E+06
0001494   3,5502E+09  1,6676E+07  1,1465E+07
0001495   3,5502E+09  1,2179E+07  1,9841E+06
0001496   3,5502E+09  2,0909E+07 -1,4998E+07
0001497   3,5502E+09  2,3162E+07 -1,3057E+07
0001498   3,5502E+09 -7,2596E+07 -1,0390E+08
0001499   3,5502E+09 -5,8947E+07 -1,8766E+07
0001500   3,5502E+09  2,8676E+06  1,5145E+06
0001501   3,5502E+09 -8,1092E+06  3,7901E+06
0001502   3,5502E+09 -2,7463E+07  8,6293E+06
0001503   3,5502E+09 -3,7105E+06  1,4744E+07
0001504   3,5502E+09 -4,3013E+07  3,3601E+06
0001505   3,5502E+09 -8,2534E+06 -1,6060E+07
0001506   3,5502E+09  1,4362E+07 -9,4125E+06
0001507   3,5502E+09 -7,8654E+06  1,0777E+07
0001508   3,5502E+09  7,2640E+06 -5,0441E+06
0001509   3,5502E+09 -2,0504E+07  1,4221E+06
0001510   3,5502E+09  1,3381E+06 -4,9076E+07
0001511   3,5502E+09  5,7966E+06  6,3518E+06
0001512   3,5502E+09 -6,1163E+06  2,2253E+07
0001513   3,5502E+09 -3,0994E+07 -2,6132E+06
0001514   3,5502E+09  7,3784E+06  8,6023E+06
0001515   3,5502E+09  3,0918E+06  1,2322E+07
0001516   3,5502E+09 -4,2055E+06  1,5451E+07
0001517   3,5502E+09 -4,9359E+06  9,2366E+06
0001518   3,5502E+09 -1,5372E+07  1,3393E+07
0001519   3,5502E+09 -1,2796E+07  2,0832E+07
0001520   3,5502E+09 -1,1142E+07 -9,4396E+06
0001521   3,5502E+09  1,4690E+07  4,5000E+06
0001522   3,5502E+09 -2,1036E+07 -4,2124E+06
0001523   3,5502E+09  2,5505E+07 -6,2004E+06
0001524   3,5502E+09 -1,3554E+08  1,5074E+08
0001525   3,5502E+09 -6,0550E+06 -1,6350E+07
0001526   3,5502E+09  7,2398E+06 -2,3354E+07
0001527   3,5502E+09 -3,6354E+06  6,8009E+06
0001528   3,5502E+09 -1,4311E+07 -3,6219E+06
0001529   3,5502E+09 -1,7692E+07  3,1042E+07
0001530   3,5502E+09  1,1487E+07  8,9019E+06
0001531   3,5502E+09 -2,4223E+07 -1,3349E+07
0001532   3,5502E+09 -1,6791E+07  3,1771E+07
0001533   3,5502E+09  7,4705E+04 -5,4887E+07
0001534   3,5502E+09 -4,9638E+07 -4,1898E+06
0001535   3,5502E+09  1,5033E+07  1,5146E+06
0001536   3,5502E+09  1,1928E+07 -7,9851E+06
0001537   3,5502E+09  1,0778E+07  9,3353E+07
0001538   3,5502E+09 -1,0918E+07 -5,1280E+06
0001539   3,5502E+09 -3,9493E+06 -1,7667E+07
0001540   3,5502E+09  6,3029E+06  5,8651E+06
0001541   3,5502E+09  9,1699E+06 -1,3313E+07
0001542   3,5502E+09  7,4162E+06  6,1221E+07
0001543   3,5502E+09 -1,9932E+07 -1,0596E+07
0001544   3,5502E+09  1,7963E+06 -4,8120E+06
0001545   3,5502E+09 -4,1286E+07 -1,4997E+07
0001546   3,5502E+09  1,1707E+07  2,0516E+07
0001547   3,5502E+09  8,4491E+06  3,3074E+07
0001548   3,5502E+09  1,7981E+06  2,2334E+06
0001549   3,5502E+09 -3,7071E+05 -5,3529E+06
0001550   3,5502E+09  3,5082E+07 -5,1952E+04
0001551   3,5502E+09  1,3013E+07 -2,2700E+07
0001552   3,5502E+09 -4,8000E+06 -8,3724E+06
0001553   3,5502E+09  1,3067E+05 -1,0313E+07
0001554   3,5502E+09 -2,4570E+07  2,5653E+07
0001555   3,5502E+09 -5,2644E+07  2,2513E+07
0001556   3,5502E+09 -1,9520E+07  2,7271E+07
0001557   3,5502E+09  3,7028E+07 -7,1666E+07
0001558   3,5502E+09 -1,3855E+07 -8,2631E+06
0001559   3,5502E+09  1,7710E+06 -2,2469E+07
0001560   3,5502E+09  4,9220E+05 -1,1765E+07
0001561   3,5502E+09  2,9360E+06 -1,7027E+07
0001562   3,5502E+09 -3,4001E+07 -2,5531E+06
0001563   3,5502E+09  7,3042E+06 -2,9339E+07
0001564   3,5502E+09  2,0435E+07  3,1949E+05
0001565   3,5502E+09 -5,4343E+06  2,0061E+07
0001566   3,5502E+09 -8,0595E+06 -3,8039E+06
0001567   3,5502E+09 -2,0084E+07  1,4500E+07
0001568   3,5502E+09  2,7593E+07  4,1202E+07
0001569   3,5502E+09  8,8578E+04  8,5741E+06
0001570   3,5502E+09  6,0665E+06  2,0559E+07
0001571   3,5502E+09 -1,5568E+07 -2,3730E+07
0001572   3,5502E+09 -5,0042E+06 -1,4707E+06
0001573   3,5502E+09  1,5091E+07  7,8898E+06
0001574   3,5502E+09 -4,4134E+07  3,4174E+05
0001575   3,5502E+09 -6,4020E+07 -3,1126E+07
0001576   3,5502E+09  8,8668E+06 -1,1344E+07
0001577   3,5502E+09 -4,5412E+06 -4,3091E+06
0001578   3,5502E+09 -4,4047E+07  1,2221E+06
0001579   3,5502E+09  1,6220E+07  2,2868E+06
0001580   3,5502E+09  1,0782E+07  2,0908E+06
0001581   3,5502E+09 -1,6662E+07 -8,2533E+06
0001582   3,5502E+09 -1,1783E+07 -1,1226E+07
0001583   3,5502E+09  5,8410E+06  4,5990E+07
0001584   3,5502E+09  6,6783E+06 -1,0686E+07
0001585   3,5502E+09 -1,7003E+07 -2,1841E+07
0001586   3,5502E+09 -1,2974E+07 -1,5658E+07
0001587   3,5502E+09 -2,0388E+07  6,7375E+06
0001588   3,5502E+09 -6,1763E+06  3,4487E+07
0001589   3,5502E+09 -2,1069E+06  2,7322E+07
0001590   3,5502E+09 -7,9686E+06  4,0246E+06
0001591   3,5502E+09 -1,0698E+07 -2,4747E+07
0001592   3,5502E+09 -3,5433E+07 -2,0057E+07
0001593   3,5502E+09 -4,4875E+06 -1,5805E+07
0001594   3,5502E+09  5,5951E+06 -6,2324E+06
0001595   3,5502E+09  4,4802E+07 -1,0195E+07
0001596   3,5502E+09 -5,7496E+06 -1,6233E+07
0001597   3,5502E+09 -1,6099E+07 -3,2812E+07
0001598   3,5502E+09 -3,0364E+07 -2,6109E+07
0001599   3,5502E+09  8,0654E+06  3,3312E+07