============================== SRIM-2013.00 ==============================
==============================================================================
====== SRIM Outputs\RANGE_3D.txt : File of Final Ion Positions =====

Ion = Sr (38)   Ion Mass= 087,9100
Energy  = 3000000,E-01 keV
Ion Angle to Surface = 00,0 degrees
==================== TARGET =======================
  Layer # 1 - Layer 1
  Layer # 1 - Bottom Depth=287700,E-01 A
  Layer # 1 - Density =0004,5189 g/cm3
  Layer # 1 -  100 % of Ti
  Layer # 1 -  0 % of He
  Layer # 1 -  0 % of Ti
κκκκκκκκκκκκκκκκκκκκκκκκκκκκκκκκκκκκκκκκκκκκκκκκκκκκ
  Layer # 2 - Layer 2
  Layer # 2 - Bottom Depth=355003,E+04 A
  Layer # 2 - Density =0000,0001 g/cm3
  Layer # 2 -  0 % of Ti
  Layer # 2 -  100 % of He
  Layer # 2 -  0 % of Ti
κκκκκκκκκκκκκκκκκκκκκκκκκκκκκκκκκκκκκκκκκκκκκκκκκκκκ
  Layer # 3 - Layer 3
  Layer # 3 - Bottom Depth=357880,E+04 A
  Layer # 3 - Density =0004,5189 g/cm3
  Layer # 3 -  0 % of Ti
  Layer # 3 -  0 % of He
  Layer # 3 -  100 % of Ti
κκκκκκκκκκκκκκκκκκκκκκκκκκκκκκκκκκκκκκκκκκκκκκκκκκκκ
                                            
Ion       Depth  X   Lateral Y   Lateral Z  
Number    (Angstrom) (Angstrom)  (Angstrom) 
-------  ----------- ----------- -----------
0000001   3,5501E+09  2,2645E+07  3,6101E+07
0000002   3,5501E+09 -1,6520E+07  1,0471E+07
0000003   3,5501E+09 -1,7594E+07  2,4392E+07
0000004   3,5501E+09 -2,5540E+07  8,0469E+05
0000005   3,5501E+09  7,4490E+06 -4,3335E+06
0000006   3,5501E+09  1,3189E+07 -1,2920E+07
0000007   3,5501E+09  1,3279E+07  1,1396E+07
0000008   3,5501E+09  2,8793E+07 -3,2985E+07
0000009   3,5501E+09  9,5129E+07  1,4459E+07
0000010   3,5501E+09 -2,0743E+07  5,5860E+07
0000011   3,5501E+09 -2,6475E+07  5,8561E+07
0000012   3,5501E+09  2,5358E+06  1,8003E+07
0000013   3,5501E+09  3,3964E+07  1,3233E+07
0000014   3,5501E+09  2,2594E+07  2,4484E+07
0000015   3,5501E+09 -1,0202E+07 -2,3087E+07
0000016   3,5501E+09  7,0634E+06 -2,2349E+06
0000017   3,5500E+09 -1,7455E+07 -1,1392E+07
0000018   3,5501E+09 -4,1795E+06 -4,1188E+07
0000019   3,5501E+09  2,7311E+07  2,4289E+07
0000020   3,5501E+09  3,8492E+06  1,9380E+07
0000021   3,5501E+09  2,2483E+07  2,7808E+07
0000022   3,5501E+09 -1,7873E+07 -1,2262E+07
0000023   3,5501E+09  9,9584E+06 -1,5331E+06
0000024   3,5501E+09 -6,5875E+06  1,0253E+07
0000025   3,5501E+09 -3,1693E+07  2,2397E+07
0000026   3,5501E+09  1,9672E+06 -1,4617E+07
0000027   3,5501E+09 -3,4657E+07 -4,3936E+07
0000028   3,5501E+09  1,9643E+07  3,3233E+07
0000029   3,5501E+09 -1,8200E+07  1,0179E+06
0000030   3,5501E+09 -5,4050E+06 -4,5631E+07
0000031   3,5501E+09  4,6007E+07  2,4744E+07
0000032   3,5501E+09  3,8591E+06  7,4314E+06
0000033   3,5501E+09 -1,7749E+07 -3,7299E+07
0000034   3,5501E+09 -1,8557E+07 -1,1696E+07
0000035   3,5501E+09  5,4490E+06 -8,9272E+06
0000036   3,5501E+09 -2,0487E+07  7,1988E+07
0000037   3,5501E+09 -6,5844E+06  1,3510E+07
0000038   3,5501E+09  3,9294E+07  3,2580E+06
0000039   3,5501E+09  2,6485E+07 -1,3594E+07
0000040   3,5501E+09 -3,8764E+07  2,6848E+07
0000041   3,5501E+09 -1,7091E+07  4,4693E+07
0000042   3,5501E+09  2,7809E+07  5,3276E+06
0000043   3,5501E+09  9,1074E+06 -3,6855E+07
0000044   3,5501E+09 -1,5028E+07 -3,1265E+07
0000045   3,5501E+09 -3,7980E+06 -1,3271E+07
0000046   3,5501E+09  1,7668E+07 -9,6814E+06
0000047   3,5501E+09 -1,7083E+07  1,9565E+07
0000048   3,5501E+09  8,2805E+06 -4,3306E+06
0000049   3,5501E+09 -9,0653E+06  2,1120E+07
0000050   3,5501E+09 -3,9124E+07  1,2726E+07
0000051   3,5501E+09 -1,8002E+07 -7,4038E+06
0000052   3,5501E+09  1,8711E+07  1,1663E+07
0000053   3,5501E+09  7,1578E+07  2,1660E+07
0000054   3,5501E+09  3,9649E+07  9,5025E+06
0000055   3,5501E+09 -2,3613E+07  7,5761E+06
0000056   3,5501E+09 -1,1930E+07  4,6398E+07
0000057   3,5501E+09 -1,3987E+07  7,2045E+05
0000058   3,5501E+09 -5,7446E+07  6,5938E+06
0000059   3,5501E+09 -2,3847E+06 -2,9648E+07
0000060   3,5501E+09 -2,1875E+07 -1,7153E+06
0000061   3,5501E+09  6,0505E+06  1,7679E+07
0000062   3,5501E+09 -1,8008E+06  1,2068E+07
0000063   3,5501E+09  1,2691E+07 -1,6216E+07
0000064   3,5501E+09  1,3739E+07 -9,3426E+06
0000065   3,5501E+09 -8,9788E+06 -1,8980E+07
0000066   3,5501E+09 -2,5462E+07  2,7112E+06
0000067   3,5501E+09 -1,0010E+07 -2,3210E+07
0000068   3,5501E+09  2,7141E+07 -1,0278E+07
0000069   3,5501E+09  2,6394E+07 -2,0671E+07
0000070   3,5501E+09 -1,7074E+07  5,7987E+07
0000071   3,5501E+09 -2,1099E+07  1,2288E+07
0000072   3,5501E+09 -4,1250E+06 -6,3675E+07
0000073   3,5501E+09  2,2894E+07 -1,9372E+06
0000074   3,5501E+09 -8,0771E+06 -4,1617E+07
0000075   3,5501E+09 -4,3495E+07 -3,1917E+07
0000076   3,5501E+09  1,7915E+07  1,9242E+07
0000077   3,5501E+09  1,4366E+07 -9,5467E+06
0000078   3,5501E+09  2,8402E+07 -2,2291E+07
0000079   3,5501E+09 -3,0058E+07 -1,3058E+07
0000080   3,5501E+09 -6,5846E+06 -8,2690E+05
0000081   3,5501E+09  6,4730E+06  3,5958E+06
0000082   3,5501E+09 -4,8062E+06  4,2113E+06
0000083   3,5501E+09 -8,3199E+03  3,4261E+07
0000084   3,5501E+09  1,0761E+06  1,8591E+07
0000085   3,5501E+09  1,8454E+07  1,1079E+07
0000086   3,5501E+09 -3,0997E+07  4,5632E+07
0000087   3,5501E+09 -8,9618E+06  2,2392E+07
0000088   3,5501E+09 -1,2695E+07 -5,4571E+06
0000089   3,5501E+09  3,4364E+06  6,2455E+06
0000090   3,5501E+09 -9,3228E+06  1,3334E+07
0000091   3,5501E+09 -8,1261E+07  1,3682E+08
0000092   3,5501E+09 -2,8326E+07 -3,0915E+07
0000093   3,5501E+09  7,1340E+06  3,6536E+07
0000094   3,5501E+09  9,7385E+06  1,0124E+07
0000095   3,5501E+09 -1,2004E+07  2,7198E+07
0000096   3,5501E+09 -2,9018E+07 -1,2120E+07
0000097   3,5501E+09  2,2573E+07 -3,9135E+05
0000098   3,5501E+09  2,0045E+07  4,6756E+07
0000099   3,5501E+09 -2,7908E+07  3,8599E+07
0000100   3,5501E+09  3,8481E+07 -1,7557E+07
0000101   3,5501E+09  4,8524E+06 -2,2062E+06
0000102   3,5501E+09  2,3855E+06 -6,5459E+06
0000103   3,5501E+09  1,3902E+07 -2,4458E+07
0000104   3,5501E+09 -3,6987E+07 -1,2924E+07
0000105   3,5501E+09  2,5521E+07  4,0690E+06
0000106   3,5501E+09  1,0591E+07 -2,1406E+07
0000107   3,5501E+09  3,0579E+06 -1,2600E+06
0000108   3,5501E+09 -1,1995E+07  1,6702E+07
0000109   3,5501E+09  8,7219E+06  1,1485E+07
0000110   3,5501E+09  1,6443E+07  1,4159E+07
0000111   3,5501E+09 -1,8144E+07  1,1613E+07
0000112   3,5501E+09  2,8168E+07  1,4058E+07
0000113   3,5501E+09  1,2554E+07  2,3941E+06
0000114   3,5501E+09 -4,4249E+07  1,9321E+07
0000115   3,5501E+09 -2,6990E+07 -4,6626E+06
0000116   3,5501E+09  3,8118E+07 -1,7555E+07
0000117   3,5501E+09  1,7630E+07  1,2275E+07
0000118   3,5501E+09  9,9161E+06 -6,7553E+06
0000119   3,5501E+09 -1,0863E+07  1,0750E+07
0000120   3,5501E+09 -3,5321E+07 -6,3675E+07
0000121   3,5501E+09 -7,3571E+06  3,3225E+06
0000122   3,5501E+09 -2,3933E+07 -2,7971E+07
0000123   3,5501E+09  5,2589E+06  2,4446E+07
0000124   3,5501E+09 -1,3187E+07 -2,2215E+07
0000125   3,5501E+09  5,0554E+06 -1,0667E+07
0000126   3,5501E+09  3,4033E+07  1,4418E+07
0000127   3,5501E+09  2,8536E+07 -6,0113E+07
0000128   3,5501E+09  1,2743E+07 -1,4481E+07
0000129   3,5501E+09  1,0573E+07  1,3092E+07
0000130   3,5501E+09 -1,1312E+07 -3,0129E+07
0000131   3,5501E+09 -5,7652E+06  2,3349E+07
0000132   3,5501E+09 -1,2409E+07 -5,1571E+06
0000133   3,5501E+09  1,3242E+08  1,0003E+07
0000134   3,5501E+09 -1,3810E+07 -6,8662E+07
0000135   3,5501E+09 -6,1165E+05 -2,6962E+07
0000136   3,5501E+09  4,2776E+07 -1,2263E+07
0000137   3,5501E+09 -3,6167E+06 -1,6807E+07
0000138   3,5501E+09  2,7850E+07  9,3970E+06
0000139   3,5501E+09 -2,6720E+06 -3,3214E+07
0000140   3,5501E+09 -1,4086E+06  4,8466E+05
0000141   3,5501E+09  9,6029E+05  1,4376E+07
0000142   3,5501E+09  5,1202E+07 -1,2262E+07
0000143   3,5501E+09 -8,0150E+06  8,7921E+06
0000144   3,5501E+09 -1,8882E+07 -1,2399E+07
0000145   3,5501E+09 -1,7705E+07 -2,9434E+06
0000146   3,5501E+09  3,0905E+07 -7,3360E+06
0000147   3,5501E+09 -1,7874E+06 -9,0737E+06
0000148   3,5501E+09  8,5602E+06 -1,8010E+07
0000149   3,5501E+09  9,4934E+06  4,6037E+06
0000150   3,5501E+09 -1,8569E+07  2,2417E+07
0000151   3,5501E+09  2,4936E+07  1,8870E+06
0000152   3,5501E+09  1,2492E+07 -7,2067E+07
0000153   3,5501E+09 -2,2797E+07 -6,1871E+06
0000154   3,5501E+09 -2,5472E+07  4,0391E+07
0000155   3,5501E+09  1,6864E+07  3,7385E+06
0000156   3,5501E+09 -1,8231E+05  1,6372E+07
0000157   3,5501E+09 -1,0305E+07 -6,7698E+06
0000158   3,5501E+09  1,4846E+06 -2,6902E+07
0000159   3,5501E+09 -1,1840E+07  1,0450E+07
0000160   3,5501E+09  2,2442E+07 -3,4054E+07
0000161   3,5501E+09  2,2342E+07 -1,9084E+08
0000162   3,5501E+09  2,5147E+07  1,1385E+07
0000163   3,5501E+09 -2,2249E+07 -1,5661E+07
0000164   3,5501E+09  2,4849E+07  2,7019E+07
0000165   3,5501E+09 -1,3826E+07 -8,9897E+06
0000166   3,5501E+09  3,1669E+06  9,1816E+06
0000167   3,5501E+09 -3,6141E+07 -9,9457E+06
0000168   3,5501E+09  7,4150E+06  2,6404E+07
0000169   3,5501E+09 -1,1249E+07  1,0357E+07
0000170   3,5501E+09 -1,7062E+06  1,9329E+07
0000171   3,5501E+09 -3,2151E+07 -4,1202E+06
0000172   3,5501E+09  1,8249E+06 -2,4639E+07
0000173   3,5501E+09  2,3374E+05 -6,2515E+06
0000174   3,5501E+09 -2,5763E+07 -1,5671E+07
0000175   3,5501E+09  1,4253E+07  4,2436E+06
0000176   3,5501E+09  2,4942E+07  2,0309E+06
0000177   3,5501E+09 -1,8794E+06 -1,4636E+07
0000178   3,5501E+09 -6,2305E+06 -7,8138E+05
0000179   3,5501E+09 -2,1575E+07  2,7792E+06
0000180   3,5501E+09  1,4065E+07  1,7788E+07
0000181   3,5501E+09 -2,5192E+07 -9,8939E+06
0000182   3,5501E+09 -1,7894E+07 -4,3213E+07
0000183   3,5501E+09  1,1778E+07 -1,4783E+06
0000184   3,5501E+09  3,6139E+06 -1,3451E+07
0000185   3,5501E+09 -3,5537E+07  2,9321E+07
0000186   3,5501E+09  3,9486E+07  2,1824E+07
0000187   3,5501E+09 -4,2497E+07 -4,4622E+07
0000188   3,5501E+09  3,6351E+07  2,5596E+07
0000189   3,5501E+09 -1,7582E+07  6,3310E+07
0000190   3,5501E+09 -1,9450E+07  2,5898E+07
0000191   3,5501E+09 -1,5206E+07  2,8182E+06
0000192   3,5501E+09  3,7797E+06  4,1293E+06
0000193   3,5501E+09 -3,5144E+06  1,4225E+07
0000194   3,5501E+09 -1,9994E+07 -5,2716E+06
0000195   3,5501E+09  1,0930E+07 -3,0031E+07
0000196   3,5501E+09 -1,4973E+07 -1,6820E+07
0000197   3,5501E+09 -2,3854E+06 -4,4094E+06
0000198   3,5501E+09 -2,4745E+07  3,0407E+07
0000199   3,5501E+09  9,9298E+06 -3,2607E+07
0000200   3,5501E+09  1,1431E+07 -9,2359E+06
0000201   3,5501E+09  2,7614E+07 -1,9573E+07
0000202   3,5501E+09  2,0898E+07 -4,5464E+06
0000203   3,5501E+09  1,2396E+07 -3,7121E+07
0000204   3,5501E+09  6,7225E+07 -7,5091E+06
0000205   3,5501E+09 -4,7179E+06  1,6601E+07
0000206   3,5501E+09 -8,2941E+06  8,9345E+07
0000207   3,5501E+09  1,9748E+07  9,9333E+05
0000208   3,5501E+09 -5,9131E+06  7,6946E+06
0000209   3,5501E+09  5,6520E+06  2,7350E+07
0000210   3,5501E+09 -1,1627E+07 -2,1030E+06
0000211   3,5501E+09 -2,7578E+07  2,6432E+07
0000212   3,5501E+09  5,7433E+07 -2,5021E+07
0000213   3,5501E+09  4,0875E+06 -2,4020E+07
0000214   3,5501E+09 -1,7812E+07  6,5202E+06
0000215   3,5501E+09  1,2409E+07 -6,7616E+06
0000216   3,5501E+09  5,7628E+06  1,0103E+07
0000217   3,5501E+09 -7,7623E+06  3,8816E+07
0000218   3,5501E+09  1,5495E+06  2,1289E+05
0000219   3,5501E+09 -1,6328E+06  4,9708E+07
0000220   3,5501E+09 -3,9384E+06  1,5738E+06
0000221   3,5501E+09 -2,4976E+07  2,4777E+07
0000222   3,5501E+09 -9,0660E+06  1,2342E+05
0000223   3,5501E+09  6,4011E+06  1,2473E+07
0000224   3,5501E+09 -1,0316E+07  2,7838E+07
0000225   3,5501E+09  2,1154E+07  1,6532E+06
0000226   3,5501E+09  2,0097E+06 -1,5613E+07
0000227   3,5501E+09 -9,3711E+06  1,7649E+07
0000228   3,5501E+09  2,6238E+07  2,1190E+07
0000229   3,5501E+09  1,4969E+07  2,0000E+07
0000230   3,5501E+09  4,7336E+07  2,4498E+07
0000231   3,5501E+09  1,0846E+07  1,4290E+06
0000232   3,5501E+09  1,2071E+07 -6,5625E+06
0000233   3,5501E+09  3,7332E+07 -1,3184E+07
0000234   3,5501E+09 -6,5432E+06  1,2765E+07
0000235   3,5501E+09  1,3727E+07  2,5275E+07
0000236   3,5501E+09  7,3803E+06  5,7121E+06
0000237   3,5501E+09 -2,1507E+06  1,0645E+07
0000238   3,5501E+09  4,3230E+07  2,0612E+07
0000239   3,5501E+09  3,7937E+07 -9,1724E+06
0000240   3,5501E+09  2,3033E+07 -5,4885E+07
0000241   3,5501E+09  1,1228E+07 -1,3957E+06
0000242   3,5501E+09  5,3329E+07 -6,2685E+07
0000243   3,5501E+09 -1,6394E+07 -1,3677E+07
0000244   3,5501E+09  2,3304E+07 -5,1730E+06
0000245   3,5501E+09  5,4038E+06  1,3090E+07
0000246   3,5501E+09  4,0345E+07 -3,8671E+04
0000247   3,5501E+09  1,1317E+07 -1,7905E+07
0000248   3,5501E+09 -1,4087E+07 -2,3973E+07
0000249   3,5501E+09  1,6243E+07 -2,7627E+07
0000250   3,5501E+09 -1,1113E+07  3,2584E+07
0000251   3,5501E+09 -4,6080E+06  8,9511E+06
0000252   3,5501E+09 -3,3344E+07  2,3063E+07
0000253   3,5501E+09  3,3651E+07  2,7878E+07
0000254   3,5501E+09  3,5560E+07 -3,3232E+06
0000255   3,5501E+09  1,4893E+07 -1,2056E+07
0000256   3,5501E+09 -7,9595E+05 -4,0151E+06
0000257   3,5501E+09  1,0170E+06  2,2576E+07
0000258   3,5501E+09 -1,2483E+07  2,5590E+07
0000259   3,5501E+09  2,9150E+07 -2,0886E+06
0000260   3,5501E+09 -8,9883E+06  1,1952E+07
0000261   3,5501E+09 -2,8402E+07  1,3120E+07
0000262   3,5501E+09 -1,6446E+07 -1,7283E+07
0000263   3,5501E+09  5,2570E+07  6,6164E+07
0000264   3,5501E+09  3,6921E+07 -2,2001E+07
0000265   3,5501E+09 -1,6627E+06 -6,5794E+06
0000266   3,5501E+09  5,5036E+06  3,4343E+07
0000267   3,5501E+09  1,5123E+07 -9,6278E+06
0000268   3,5501E+09 -2,1985E+07  5,8207E+06
0000269   3,5501E+09 -6,6935E+07  4,0730E+06
0000270   3,5501E+09  2,3396E+07 -1,1009E+07
0000271   3,5501E+09 -1,0051E+07  4,1016E+07
0000272   3,5501E+09  1,4224E+07 -1,1529E+04
0000273   3,5501E+09  1,5986E+07  2,1193E+07
0000274   3,5501E+09 -4,7815E+07 -1,3941E+07
0000275   3,5501E+09  3,5900E+06  9,6037E+06
0000276   3,5501E+09  4,5473E+07  8,1492E+07
0000277   3,5501E+09  2,9117E+06 -4,1212E+07
0000278   3,5501E+09  5,2976E+06 -9,7680E+05
0000279   3,5501E+09  3,0043E+07 -2,7649E+07
0000280   3,5501E+09 -2,4205E+07  1,2911E+07
0000281   3,5501E+09 -5,4993E+06  1,2404E+07
0000282   3,5501E+09  2,8680E+07  1,3004E+07
0000283   3,5501E+09  1,2958E+07 -3,9327E+07
0000284   3,5501E+09 -6,3485E+06 -1,0885E+07
0000285   3,5501E+09  5,6679E+07  1,6267E+07
0000286   3,5501E+09  6,8938E+06  4,3711E+06
0000287   3,5501E+09 -1,8420E+07 -1,5093E+07
0000288   3,5501E+09 -3,1177E+06  4,0832E+07
0000289   3,5501E+09  4,6567E+07 -1,7223E+07
0000290   3,5501E+09 -1,9376E+07  2,7021E+07
0000291   3,5501E+09 -1,2584E+07  4,4569E+06
0000292   3,5501E+09 -2,0558E+07 -2,9109E+07
0000293   3,5501E+09  6,0757E+06  1,8312E+07
0000294   3,5501E+09  1,9973E+07 -3,4645E+07
0000295   3,5501E+09  3,2647E+07 -4,8648E+06
0000296   3,5501E+09 -3,0764E+07 -2,8149E+07
0000297   3,5501E+09 -4,4402E+07  4,6875E+05
0000298   3,5501E+09  7,7426E+06  2,5419E+07
0000299   3,5501E+09 -7,5907E+06 -8,0986E+06
0000300   3,5501E+09  5,8136E+07  3,5886E+07
0000301   3,5501E+09  4,3908E+07 -1,2162E+07
0000302   3,5501E+09  2,7477E+07 -3,0259E+06
0000303   3,5501E+09  1,5040E+06  4,6542E+07
0000304   3,5501E+09  3,1474E+07 -1,7034E+07
0000305   3,5501E+09  1,5070E+07  1,2691E+07
0000306   3,5501E+09  3,4170E+07 -1,6221E+07
0000307   3,5501E+09  2,6910E+07 -5,1365E+07
0000308   3,5501E+09  2,5257E+07 -3,7310E+07
0000309   3,5501E+09  6,9864E+06  1,8065E+06
0000310   3,5501E+09 -7,3093E+06  9,5768E+06
0000311   3,5501E+09  3,8636E+06 -3,3651E+07
0000312   3,5501E+09  4,4129E+06 -3,6518E+06
0000313   3,5501E+09  2,0553E+07  4,7352E+07
0000314   3,5501E+09 -8,8196E+06  1,4387E+07
0000315   3,5501E+09  2,6578E+07  7,7842E+05
0000316   3,5501E+09 -8,1957E+07  2,4127E+07
0000317   3,5501E+09 -2,1712E+07  7,7863E+06
0000318   3,5501E+09  6,3647E+06  3,7004E+06
0000319   3,5501E+09 -1,9293E+06 -3,3471E+07
0000320   3,5501E+09 -1,8311E+07  3,3107E+07
0000321   3,5501E+09  4,9541E+06 -1,4521E+07
0000322   3,5501E+09  1,4226E+07  2,2059E+07
0000323   3,5501E+09  3,8942E+07  2,9398E+07
0000324   3,5501E+09  1,9808E+07  1,0725E+07
0000325   3,5501E+09  4,0821E+07 -1,7409E+07
0000326   3,5501E+09 -1,2139E+08 -1,8901E+07
0000327   3,5501E+09 -2,4946E+07  1,2865E+07
0000328   3,5501E+09  2,9435E+07 -2,3135E+07
0000329   3,5501E+09  2,2247E+07  1,3550E+07
0000330   3,5501E+09  8,1875E+06  9,2462E+06
0000331   3,5501E+09  2,6287E+07  3,0105E+06
0000332   3,5501E+09 -5,3831E+07 -2,2856E+07
0000333   3,5501E+09  4,6790E+06 -2,6695E+07
0000334   3,5501E+09 -3,5144E+07 -8,9749E+04
0000335   3,5501E+09  2,6708E+07 -3,0586E+06
0000336   3,5501E+09  2,1790E+07 -4,2819E+06
0000337   3,5501E+09  1,0443E+07  1,5624E+07
0000338   3,5501E+09 -2,3453E+06  1,7550E+07
0000339   3,5501E+09 -3,1722E+06  7,9097E+06
0000340   3,5501E+09  1,9482E+08  9,7252E+07
0000341   3,5501E+09 -9,0232E+06  2,0074E+07
0000342   3,5501E+09  9,3562E+06 -4,5330E+05
0000343   3,5501E+09  1,0493E+07  1,4458E+07
0000344   3,5501E+09  2,9605E+07 -2,9019E+07
0000345   3,5501E+09  1,1399E+07 -9,1711E+06
0000346   3,5501E+09  1,6718E+07  1,6752E+07
0000347   3,5501E+09 -7,6832E+06 -1,3592E+07
0000348   3,5501E+09  1,2397E+07  2,0516E+07
0000349   3,5501E+09 -1,9387E+06 -2,2645E+07
0000350   3,5501E+09  3,3937E+07  1,1681E+07
0000351   3,5501E+09  6,2766E+07 -7,2946E+07
0000352   3,5501E+09 -1,3764E+07  2,5668E+07
0000353   3,5501E+09 -2,8445E+07  4,1080E+06
0000354   3,5501E+09  2,6250E+07 -6,7784E+05
0000355   3,5501E+09 -1,9827E+07 -1,2408E+07
0000356   3,5501E+09 -7,7009E+06  1,6518E+07
0000357   3,5501E+09 -6,7239E+07  7,1620E+07
0000358   3,5501E+09  2,7201E+07 -1,6655E+07
0000359   3,5501E+09 -1,5510E+07  6,6843E+06
0000360   3,5501E+09 -3,0772E+07  3,5434E+07
0000361   3,5501E+09 -4,1061E+07  2,4833E+07
0000362   3,5501E+09 -5,2644E+06  1,4039E+07
0000363   3,5501E+09 -2,4254E+07 -2,6986E+06
0000364   3,5501E+09 -3,0273E+07 -3,1927E+07
0000365   3,5501E+09 -1,1362E+05 -1,1495E+07
0000366   3,5501E+09  2,3476E+07  8,3866E+06
0000367   3,5501E+09  1,3635E+07 -3,1045E+07
0000368   3,5501E+09  5,8133E+05 -1,0143E+06
0000369   3,5501E+09 -9,3247E+06 -2,1808E+07
0000370   3,5501E+09 -2,1049E+07 -2,7296E+07
0000371   3,5501E+09  1,2272E+07  7,9438E+06
0000372   3,5501E+09 -2,6378E+06  1,5914E+07
0000373   3,5501E+09 -2,7801E+07  1,1409E+07
0000374   3,5501E+09  9,9047E+06 -1,3138E+07
0000375   3,5501E+09 -2,1793E+07 -8,6663E+06
0000376   3,5501E+09 -2,4351E+07 -2,7305E+07
0000377   3,5501E+09 -1,9522E+07 -6,5137E+06
0000378   3,5501E+09  2,3870E+07  1,3995E+07
0000379   3,5501E+09 -7,5174E+06  1,0814E+07
0000380   3,5501E+09  1,7668E+07 -1,0647E+07
0000381   3,5501E+09  3,8006E+07 -4,7080E+06
0000382   3,5501E+09  8,2849E+06 -1,5456E+07
0000383   3,5501E+09 -4,6559E+07  2,4653E+07
0000384   3,5501E+09  2,0619E+07  8,3785E+07
0000385   3,5501E+09 -2,9961E+07 -1,0186E+07
0000386   3,5501E+09 -3,6691E+06 -5,2850E+06
0000387   3,5501E+09 -1,9680E+07  2,1079E+07
0000388   3,5501E+09  4,0229E+08  3,7857E+08
0000389   3,5501E+09 -1,0242E+07  5,2777E+06
0000390   3,5501E+09  2,1303E+06  5,3112E+06
0000391   3,5501E+09 -6,6078E+06  1,7433E+07
0000392   3,5501E+09  1,2645E+07 -2,1959E+07
0000393   3,5501E+09  1,5681E+07 -5,6822E+07
0000394   3,5501E+09 -3,7358E+06 -3,7420E+06
0000395   3,5501E+09 -2,2019E+08 -9,0419E+07
0000396   3,5501E+09  3,8045E+05 -2,2598E+06
0000397   3,5501E+09  6,8101E+07  3,7158E+07
0000398   3,5501E+09  3,7598E+07  4,3569E+06
0000399   3,5501E+09 -1,5361E+07 -1,6018E+07
0000400   3,5501E+09 -4,2842E+07 -2,0046E+07
0000401   3,5501E+09  2,7625E+07 -7,8506E+06
0000402   3,5501E+09 -2,5990E+06 -1,9254E+07
0000403   3,5501E+09  3,4809E+06  1,9002E+06
0000404   3,5501E+09  3,2907E+08  1,4139E+08
0000405   3,5501E+09 -3,6284E+07  5,7826E+06
0000406   3,5501E+09  4,0199E+06 -7,4585E+06
0000407   3,5501E+09  5,7710E+06 -3,7491E+07
0000408   3,5501E+09 -2,0921E+07  2,9232E+07
0000409   3,5501E+09 -7,6337E+06  8,9142E+06
0000410   3,5501E+09  1,1158E+06  3,4513E+07
0000411   3,5501E+09  1,0572E+06  3,3510E+06
0000412   3,5501E+09  4,7308E+06 -2,2654E+07
0000413   3,5501E+09  2,7800E+07 -2,4112E+07
0000414   3,5501E+09  3,4180E+05  2,6993E+06
0000415   3,5501E+09 -7,1547E+07  1,3640E+07
0000416   3,5501E+09  3,8908E+07 -1,1376E+07
0000417   3,5501E+09 -2,0080E+07 -8,7389E+06
0000418   3,5501E+09 -9,0818E+06  6,0515E+06
0000419   3,5501E+09  2,8203E+07 -2,7843E+07
0000420   3,5501E+09  3,6082E+07 -4,3828E+07
0000421   3,5501E+09 -3,7316E+05  4,9126E+07
0000422   3,5501E+09 -3,8914E+07 -2,4573E+07
0000423   3,5501E+09  9,8498E+04 -4,3492E+06
0000424   3,5501E+09 -9,8295E+06 -4,7225E+07
0000425   3,5501E+09 -1,7317E+07  1,7438E+07
0000426   3,5501E+09 -1,2393E+07  2,6652E+07
0000427   3,5501E+09  5,5519E+07  3,2455E+06
0000428   3,5501E+09 -4,8119E+07  8,7254E+06
0000429   3,5501E+09 -1,6745E+07  1,9572E+07
0000430   3,5501E+09 -5,3279E+06 -9,4467E+06
0000431   3,5501E+09  3,5220E+06  2,3650E+07
0000432   3,5501E+09 -1,0477E+07 -3,6515E+06
0000433   3,5501E+09  3,3541E+07  1,2366E+07
0000434   3,5501E+09 -1,3012E+07 -4,6714E+06
0000435   3,5501E+09  2,8467E+07 -1,5304E+07
0000436   3,5501E+09 -1,8087E+07  1,2572E+07
0000437   3,5501E+09 -2,4396E+07 -2,0655E+07
0000438   3,5501E+09 -1,9071E+07  8,1490E+06
0000439   3,5501E+09 -1,5195E+07 -1,6684E+06
0000440   3,5501E+09  1,5730E+07  4,2139E+07
0000441   3,5501E+09 -4,4925E+06  3,5234E+07
0000442   3,5501E+09 -2,4195E+06 -2,1656E+06
0000443   3,5501E+09  1,0524E+07 -1,6029E+07
0000444   3,5501E+09 -4,3179E+07  5,5465E+06
0000445   3,5501E+09  2,4015E+07  4,5533E+05
0000446   3,5501E+09  1,5736E+07 -1,9214E+07
0000447   3,5501E+09 -5,1983E+07 -2,4533E+07
0000448   3,5501E+09 -1,0579E+07 -3,0393E+06
0000449   3,5501E+09 -2,3157E+07  6,8682E+06
0000450   3,5501E+09 -2,3819E+07 -1,8112E+07
0000451   3,5501E+09 -1,7707E+07 -3,5930E+05
0000452   3,5501E+09 -1,9412E+07  3,4043E+07
0000453   3,5501E+09  2,4103E+06 -1,7800E+07
0000454   3,5501E+09  3,1504E+07 -4,1558E+07
0000455   3,5501E+09  2,1278E+07 -1,7306E+07
0000456   3,5501E+09 -4,2702E+07 -2,5353E+07
0000457   3,5501E+09  6,2249E+07  8,8014E+06
0000458   3,5501E+09 -1,0354E+06 -1,0263E+07
0000459   3,5501E+09 -6,4607E+06 -2,6798E+07
0000460   3,5501E+09  5,6646E+07  1,1572E+07
0000461   3,5501E+09  1,1045E+07 -7,3472E+06
0000462   3,5501E+09  2,1792E+07  3,6549E+06
0000463   3,5501E+09 -4,4486E+07  1,8810E+07
0000464   3,5501E+09 -7,1991E+06  7,6443E+06
0000465   3,5501E+09 -2,8086E+07 -2,2716E+07
0000466   3,5501E+09  8,6407E+06 -1,1083E+07
0000467   3,5501E+09  7,4947E+06 -3,4138E+07
0000468   3,5501E+09  6,2308E+06 -8,6420E+06
0000469   3,5501E+09 -2,0822E+07  4,3666E+07
0000470   3,5501E+09 -2,1825E+07 -1,0743E+07
0000471   3,5501E+09  6,6792E+06  6,0832E+05
0000472   3,5501E+09 -7,2309E+06 -7,8724E+06
0000473   3,5501E+09 -4,5091E+07 -7,5721E+06
0000474   3,5501E+09 -8,9840E+05  1,7595E+06
0000475   3,5501E+09  3,8021E+07 -3,2434E+07
0000476   3,5501E+09 -1,2473E+06 -3,7063E+07
0000477   3,5501E+09  9,7807E+06  3,1173E+07
0000478   3,5501E+09 -1,3280E+06  2,7540E+07
0000479   3,5501E+09  1,0521E+08  2,2850E+07
0000480   3,5501E+09 -4,1764E+07 -1,4211E+07
0000481   3,5501E+09  1,5089E+07  4,3860E+05
0000482   3,5501E+09  1,3391E+07  7,7309E+06
0000483   3,5501E+09 -2,6055E+07  1,4782E+07
0000484   3,5501E+09  1,8879E+07  5,1281E+07
0000485   3,5501E+09 -1,5014E+07  2,0921E+07
0000486   3,5501E+09 -3,7764E+07  2,2576E+07
0000487   3,5501E+09 -1,5577E+07  3,6745E+06
0000488   3,5501E+09 -8,4312E+06  5,2850E+06
0000489   3,5501E+09  4,6683E+07  3,0709E+06
0000490   3,5501E+09  6,5550E+06  1,2705E+07
0000491   3,5501E+09 -1,0154E+07  1,0023E+07
0000492   3,5501E+09  2,9710E+07 -1,1055E+07
0000493   3,5501E+09  1,5912E+07  3,6312E+07
0000494   3,5501E+09  4,4009E+07  5,1194E+07
0000495   3,5501E+09 -7,3095E+06 -2,0079E+07
0000496   3,5501E+09 -1,9758E+07 -2,1604E+07
0000497   3,5501E+09 -4,3539E+07 -2,5487E+07
0000498   3,5501E+09  2,6563E+07 -5,7095E+06
0000499   3,5501E+09 -9,3620E+06  1,7334E+07
0000500   3,5501E+09  2,3452E+07  2,5703E+07
0000501   3,5501E+09 -1,2062E+08 -4,8555E+07
0000502   3,5501E+09 -1,2928E+07 -1,2237E+07
0000503   3,5501E+09  3,9788E+05 -6,6495E+06
0000504   3,5501E+09  1,5484E+06 -1,1426E+07
0000505   3,5501E+09  1,9931E+07  1,1710E+07
0000506   3,5501E+09 -1,5523E+06 -2,2097E+07
0000507   3,5501E+09 -4,0533E+06 -7,6372E+06
0000508   3,5501E+09 -2,5675E+07  9,0179E+07
0000509   3,5501E+09 -4,5353E+07 -3,1041E+07
0000510   3,5501E+09 -2,9829E+07 -2,9808E+07
0000511   3,5501E+09 -1,0621E+07 -2,8654E+07
0000512   3,5501E+09 -1,1692E+07 -1,3657E+07
0000513   3,5501E+09  3,0036E+07  2,5065E+07
0000514   3,5501E+09  9,8447E+06 -3,5290E+07
0000515   3,5501E+09 -1,3997E+07  1,7123E+07
0000516   3,5501E+09 -4,3016E+06 -1,8101E+07
0000517   3,5501E+09  1,2942E+06  2,2053E+07
0000518   3,5501E+09  1,9138E+06  3,4749E+06
0000519   3,5501E+09  1,2836E+06  2,4707E+07
0000520   3,5501E+09 -1,5922E+07  1,7263E+06
0000521   3,5501E+09 -3,2620E+06  1,3252E+07
0000522   3,5501E+09 -5,8191E+07 -1,8058E+07
0000523   3,5501E+09 -6,6084E+05  2,2515E+07
0000524   3,5501E+09  6,8220E+06 -9,5125E+06
0000525   3,5501E+09  3,6180E+07 -2,9404E+06
0000526   3,5501E+09  1,9739E+06 -2,0953E+07
0000527   3,5501E+09 -1,6118E+07  1,0972E+07
0000528   3,5501E+09 -2,2065E+07 -1,3615E+07
0000529   3,5501E+09 -2,2775E+07  3,1358E+07
0000530   3,5501E+09  1,7827E+07  2,2575E+07
0000531   3,5501E+09  1,3618E+07  8,5762E+06
0000532   3,5501E+09 -2,0786E+05  8,4433E+06
0000533   3,5501E+09  6,1331E+07  8,9334E+06
0000534   3,5501E+09 -5,7497E+07  1,1260E+07
0000535   3,5501E+09  1,8632E+07  3,6739E+07
0000536   3,5501E+09 -4,1764E+08  8,8278E+06
0000537   3,5501E+09  2,2081E+06 -1,1782E+07
0000538   3,5501E+09  6,7769E+06  2,3058E+06
0000539   3,5501E+09 -1,3495E+07 -2,5840E+07
0000540   3,5501E+09  4,4602E+05 -1,5078E+06
0000541   3,5501E+09 -1,0858E+07 -2,0816E+07
0000542   3,5501E+09 -1,6742E+07 -5,5095E+06
0000543   3,5501E+09 -1,0215E+07  2,0113E+07
0000544   3,5501E+09  1,7344E+07 -1,8770E+07
0000545   3,5501E+09  3,4036E+06 -8,1369E+06
0000546   3,5501E+09 -2,2431E+07 -2,1641E+07
0000547   3,5501E+09  6,0252E+07 -3,8572E+06
0000548   3,5501E+09 -2,1965E+07 -5,3862E+06
0000549   3,5501E+09  5,9913E+06  4,8943E+07
0000550   3,5501E+09 -1,3003E+07  6,9737E+06
0000551   3,5501E+09 -1,4775E+07  1,5397E+07
0000552   3,5501E+09  9,2982E+06 -2,7483E+07
0000553   3,5501E+09  6,3184E+07  2,0628E+06
0000554   3,5501E+09 -4,4138E+07  9,9646E+06
0000555   3,5501E+09  1,4653E+07  2,4806E+07
0000556   3,5501E+09  1,8832E+06 -4,8316E+07
0000557   3,5501E+09  2,9899E+07  7,8680E+06
0000558   3,5501E+09  1,0228E+07 -1,8669E+07
0000559   3,5501E+09  6,9614E+06  1,0343E+06
0000560   3,5501E+09  7,9565E+06 -2,2124E+07
0000561   3,5501E+09 -1,4347E+07 -1,3626E+07
0000562   3,5501E+09  8,4601E+06  1,9451E+07
0000563   3,5501E+09  9,5721E+05  2,0393E+07
0000564   3,5501E+09  3,4303E+07 -9,1541E+06
0000565   3,5501E+09 -1,2616E+07  2,1848E+06
0000566   3,5501E+09  2,7584E+07 -1,6975E+07
0000567   3,5501E+09  1,0287E+07  2,2887E+07
0000568   3,5501E+09 -2,1019E+07 -5,4646E+07
0000569   3,5501E+09  2,4537E+07  3,5449E+07
0000570   3,5501E+09  4,4724E+06  3,1176E+07
0000571   3,5501E+09  3,1197E+07  3,2200E+06
0000572   3,5501E+09  3,7792E+07 -1,4176E+07
0000573   3,5501E+09 -4,6631E+06 -1,3859E+07
0000574   3,5501E+09 -4,3091E+07  1,7999E+07
0000575   3,5501E+09 -2,0699E+07 -2,8066E+06
0000576   3,5501E+09  4,3478E+06 -3,0632E+07
0000577   3,5501E+09  1,0098E+05 -1,4942E+07
0000578   3,5501E+09  2,7862E+07  5,5163E+06
0000579   3,5501E+09  6,7511E+06  2,4508E+07
0000580   3,5501E+09 -1,7471E+07  3,1792E+07
0000581   3,5501E+09 -3,1222E+07  4,9086E+07
0000582   3,5501E+09 -2,3143E+07 -2,0178E+07
0000583   3,5501E+09  1,8369E+07 -1,2907E+07
0000584   3,5501E+09 -7,2808E+06 -6,9706E+06
0000585   3,5501E+09 -6,7847E+06 -2,3978E+07
0000586   3,5501E+09 -1,8453E+07  1,2459E+07
0000587   3,5501E+09 -1,1418E+07  6,6997E+07
0000588   3,5501E+09  3,0708E+07 -2,1540E+07
0000589   3,5501E+09  1,2896E+07  9,0312E+05
0000590   3,5501E+09 -2,7884E+07 -1,3828E+07
0000591   3,5501E+09 -1,3270E+07  1,1848E+07
0000592   3,5501E+09  8,3860E+05  1,3835E+06
0000593   3,5501E+09  9,2959E+06 -3,0276E+06
0000594   3,5501E+09  2,4661E+07 -1,9435E+07
0000595   3,5501E+09 -1,4745E+07  7,5560E+06
0000596   3,5501E+09  3,1531E+07 -1,0395E+07
0000597   3,5501E+09 -2,6368E+07  9,0501E+06
0000598   3,5501E+09 -3,4985E+07  1,5860E+07
0000599   3,5501E+09 -1,6704E+07  2,9821E+07
0000600   3,5501E+09 -1,3366E+07  3,4890E+06
0000601   3,5501E+09  1,2131E+07 -3,9364E+06
0000602   3,5501E+09 -2,3143E+07 -2,2276E+07
0000603   3,5501E+09  7,1079E+07  1,9916E+07
0000604   3,5501E+09  9,4828E+06  1,5589E+07
0000605   3,5501E+09 -3,0552E+07 -4,3304E+07
0000606   3,5501E+09  3,5576E+07 -6,3418E+06
0000607   3,5501E+09  7,7117E+06 -3,2318E+07
0000608   3,5501E+09 -5,0258E+06 -3,0338E+07
0000609   3,5501E+09 -2,1767E+07  1,2592E+07
0000610   3,5501E+09  8,3576E+06 -6,4712E+07
0000611   3,5501E+09 -2,1066E+06  1,9165E+07
0000612   3,5501E+09  2,5326E+07 -2,0348E+07
0000613   3,5501E+09  1,2769E+07  1,9451E+07
0000614   3,5501E+09 -8,7299E+06 -2,0155E+07
0000615   3,5501E+09  1,2639E+07  9,4796E+06
0000616   3,5501E+09 -7,3213E+06  1,3319E+07
0000617   3,5501E+09  9,3553E+06  5,7104E+06
0000618   3,5501E+09 -4,5755E+06 -4,8863E+07
0000619   3,5501E+09 -8,2307E+06 -7,1657E+06
0000620   3,5501E+09  3,8543E+07 -7,7945E+06
0000621   3,5501E+09  2,3993E+07 -5,4312E+07
0000622   3,5501E+09 -5,5164E+07 -7,6500E+06
0000623   3,5501E+09 -1,5298E+07  1,9227E+06
0000624   3,5501E+09  3,4230E+06  1,1432E+07
0000625   3,5501E+09 -1,8471E+07 -1,0231E+07
0000626   3,5501E+09 -3,2335E+07  2,3404E+07
0000627   3,5501E+09  1,7605E+07  2,2589E+07
0000628   3,5501E+09 -8,1024E+06 -9,0109E+06
0000629   3,5501E+09  1,9431E+07  5,7114E+07
0000630   3,5501E+09 -7,3289E+06 -1,3151E+07
0000631   3,5501E+09 -1,9593E+05  2,0489E+07
0000632   3,5501E+09  2,9664E+07 -2,1579E+07
0000633   3,5501E+09 -5,8188E+07  2,2092E+07
0000634   3,5501E+09  2,4152E+07 -1,8941E+07
0000635   3,5501E+09  2,9845E+07 -6,5187E+06
0000636   3,5501E+09  2,4317E+06 -1,5302E+06
0000637   3,5501E+09 -2,9028E+07  3,0905E+07
0000638   3,5501E+09 -3,0466E+07  1,3872E+06
0000639   3,5501E+09  1,0213E+07 -2,2569E+07
0000640   3,5501E+09 -5,7909E+06 -7,5659E+06
0000641   3,5501E+09  2,3994E+07  2,9419E+07
0000642   3,5501E+09  9,9172E+06 -2,2670E+07
0000643   3,5501E+09 -7,2534E+06 -1,3101E+07
0000644   3,5501E+09 -6,5039E+07  3,3491E+07
0000645   3,5501E+09  2,1765E+07 -4,4214E+07
0000646   3,5501E+09  1,9131E+07 -4,0967E+07
0000647   3,5501E+09 -2,9086E+06 -1,5113E+07
0000648   3,5501E+09 -3,4995E+07  2,8263E+07
0000649   3,5501E+09  1,6925E+07  3,8846E+06
0000650   3,5501E+09 -2,5917E+07  3,3762E+07
0000651   3,5501E+09 -2,6842E+06  2,0164E+07
0000652   3,5501E+09  1,7541E+07  3,5408E+06
0000653   3,5501E+09 -7,7705E+06 -5,6748E+06
0000654   3,5501E+09  2,3897E+07  8,1643E+05
0000655   3,5501E+09  1,0488E+07 -9,2267E+05
0000656   3,5501E+09 -2,1419E+07 -1,7175E+07
0000657   3,5501E+09 -2,9967E+07  5,9429E+06
0000658   3,5501E+09 -1,3574E+07 -3,2301E+06
0000659   3,5501E+09 -3,2162E+07  2,3116E+07
0000660   3,5501E+09 -3,3088E+07 -5,0515E+06
0000661   3,5501E+09 -2,4256E+05  2,2916E+07
0000662   3,5501E+09 -2,7014E+07  3,1355E+07
0000663   3,5501E+09  3,4554E+07  5,6082E+06
0000664   3,5501E+09  1,1557E+07  5,5261E+06
0000665   3,5501E+09 -1,7817E+06 -3,5573E+06
0000666   3,5501E+09  1,6977E+07 -1,5272E+07
0000667   3,5501E+09  1,6612E+07 -1,6701E+07
0000668   3,5501E+09  9,1915E+06  1,2045E+07
0000669   3,5501E+09  8,9011E+06  5,6260E+06
0000670   3,5501E+09  3,7040E+07  2,1332E+07
0000671   3,5501E+09 -3,7128E+07  6,5415E+06
0000672   3,5501E+09 -3,4471E+06  2,4272E+06
0000673   3,5501E+09  2,5239E+07  3,8267E+07
0000674   3,5501E+09 -7,8837E+07  3,6298E+06
0000675   3,5501E+09 -1,2781E+07 -9,1919E+06
0000676   3,5501E+09 -3,3901E+06 -2,1331E+07
0000677   3,5501E+09 -7,1342E+06 -8,8612E+06
0000678   3,5501E+09 -1,3777E+07 -1,7044E+06
0000679   3,5501E+09 -2,5728E+07 -2,0489E+07
0000680   3,5501E+09 -6,7101E+06  1,6887E+07
0000681   3,5501E+09 -8,5594E+06 -1,2080E+07
0000682   3,5501E+09 -2,6495E+07 -3,0001E+07
0000683   3,5501E+09  1,7826E+06  8,9549E+06
0000684   3,5501E+09 -4,2572E+07  2,6380E+06
0000685   3,5501E+09 -9,4891E+06  6,6721E+06
0000686   3,5501E+09  1,9139E+07  2,0674E+07
0000687   3,5501E+09  3,7896E+07 -2,0296E+06
0000688   3,5501E+09 -2,1288E+07 -2,1661E+07
0000689   3,5501E+09 -6,3156E+05 -3,3351E+06
0000690   3,5501E+09 -4,2575E+07  4,5796E+07
0000691   3,5501E+09 -3,9711E+07 -6,5740E+06
0000692   3,5501E+09 -2,9182E+07  3,2842E+06
0000693   3,5501E+09 -2,0937E+07 -3,7934E+07
0000694   3,5501E+09  2,6459E+07 -1,8819E+07
0000695   3,5501E+09 -3,8954E+06  6,5372E+06
0000696   3,5501E+09  1,8356E+07  2,1534E+07
0000697   3,5501E+09 -2,2771E+07  5,8469E+06
0000698   3,5501E+09 -1,9819E+07 -6,4678E+06
0000699   3,5501E+09  1,8302E+07  6,2279E+06
0000700   3,5501E+09  2,2329E+07 -7,1652E+06
0000701   3,5501E+09  1,0932E+07 -2,0460E+07
0000702   3,5501E+09 -4,0516E+07 -2,1398E+07
0000703   3,5501E+09 -2,8977E+07 -4,8365E+07
0000704   3,5501E+09  2,9666E+07 -1,5687E+06
0000705   3,5501E+09  2,7498E+07  2,6158E+07
0000706   3,5501E+09 -8,7289E+06  1,1710E+07
0000707   3,5501E+09  2,5584E+07  1,8965E+07
0000708   3,5501E+09  1,9223E+07 -7,5185E+03
0000709   3,5501E+09 -1,9915E+07  2,2518E+07
0000710   3,5501E+09  8,0268E+06 -4,4672E+06
0000711   3,5501E+09  3,1179E+06 -3,9362E+07
0000712   3,5501E+09  1,3856E+07 -3,0158E+07
0000713   3,5501E+09  1,6859E+07 -2,9008E+07
0000714   3,5501E+09  4,5641E+06 -5,5148E+05
0000715   3,5501E+09  1,8580E+08  2,6433E+07
0000716   3,5501E+09 -5,3473E+07 -5,6458E+07
0000717   3,5501E+09 -8,9777E+06 -3,8098E+07
0000718   3,5501E+09  3,9638E+07 -4,2853E+06
0000719   3,5501E+09  2,0743E+07 -3,2766E+07
0000720   3,5501E+09 -7,2412E+07  5,7248E+07
0000721   3,5501E+09  1,6327E+07  1,0549E+07
0000722   3,5501E+09 -3,9125E+06  2,7471E+07
0000723   3,5501E+09  3,6059E+07  7,0084E+06
0000724   3,5501E+09 -1,0884E+07  1,1912E+07
0000725   3,5501E+09 -9,8528E+06 -1,7080E+07
0000726   3,5501E+09 -1,0393E+07  3,0600E+07
0000727   3,5501E+09  1,7520E+07 -3,1241E+07
0000728   3,5501E+09  1,7083E+07 -4,4586E+06
0000729   3,5501E+09  4,7695E+07 -3,1979E+07
0000730   3,5501E+09 -5,3870E+07 -1,2058E+07
0000731   3,5501E+09 -2,1278E+07 -8,5925E+07
0000732   3,5501E+09 -5,6753E+07  8,6545E+06
0000733   3,5501E+09  2,2683E+05 -1,2234E+07
0000734   3,5501E+09  1,2033E+08  7,0384E+07
0000735   3,5501E+09  4,7195E+07  4,1908E+07
0000736   3,5501E+09  1,4693E+07 -2,0488E+06
0000737   3,5501E+09 -1,7572E+07 -3,3600E+07
0000738   3,5501E+09 -2,2914E+07  3,1499E+07
0000739   3,5501E+09  3,1367E+07 -1,3094E+07
0000740   3,5501E+09 -2,7809E+07  1,4894E+06
0000741   3,5501E+09  7,8827E+06 -6,8390E+06
0000742   3,5501E+09 -5,6885E+06 -1,0924E+07
0000743   3,5501E+09  3,4514E+06  3,4388E+07
0000744   3,5501E+09  1,4859E+07 -1,7121E+07
0000745   3,5501E+09  2,0496E+07  4,5580E+06
0000746   3,5501E+09  2,5550E+05  2,0152E+07
0000747   3,5501E+09  9,9218E+06  7,1419E+07
0000748   3,5501E+09  1,0613E+07 -2,5902E+07
0000749   3,5501E+09 -1,5710E+07  5,0467E+07
0000750   3,5501E+09 -1,5645E+07 -2,3566E+07
0000751   3,5501E+09  8,3777E+06 -4,2963E+06
0000752   3,5501E+09 -2,4285E+07  7,0664E+05
0000753   3,5501E+09 -1,2121E+07 -1,0116E+07
0000754   3,5501E+09  6,8653E+06 -2,1540E+07
0000755   3,5501E+09 -3,3327E+05 -2,6703E+07
0000756   3,5501E+09  3,6379E+07  2,0825E+07
0000757   3,5501E+09  2,6954E+07 -3,8203E+06
0000758   3,5501E+09  3,1822E+07  1,0729E+07
0000759   3,5501E+09  9,1717E+06 -4,9067E+07
0000760   3,5501E+09 -3,9612E+06  1,9498E+07
0000761   3,5501E+09  1,4208E+07 -2,2729E+07
0000762   3,5501E+09 -4,9459E+07  5,0805E+07
0000763   3,5501E+09  9,1866E+06  2,4200E+07
0000764   3,5501E+09 -4,0009E+06  2,1672E+07
0000765   3,5501E+09 -1,6589E+07 -2,7884E+07
0000766   3,5501E+09 -9,2360E+07 -1,9496E+07
0000767   3,5501E+09  2,3835E+07  4,7719E+07
0000768   3,5501E+09 -2,8848E+07  7,0424E+06
0000769   3,5501E+09  1,6236E+07 -4,7572E+07
0000770   3,5501E+09  3,6082E+07  8,2914E+06
0000771   3,5501E+09 -2,4632E+06 -7,9300E+06
0000772   3,5501E+09  3,0147E+07 -4,7200E+07
0000773   3,5501E+09  2,3494E+07 -4,3318E+07
0000774   3,5501E+09  2,2481E+07 -4,7996E+06
0000775   3,5501E+09  4,3132E+07  1,7558E+07
0000776   3,5501E+09  2,6052E+07  3,0586E+07
0000777   3,5501E+09 -7,1265E+06 -3,1672E+06
0000778   3,5501E+09  1,6654E+07  3,0044E+07
0000779   3,5501E+09 -2,4295E+07  7,7764E+06
0000780   3,5501E+09  3,4403E+07  9,5695E+06
0000781   3,5501E+09  1,7468E+07 -2,6774E+07
0000782   3,5501E+09  3,8590E+05 -7,9484E+06
0000783   3,5501E+09 -1,7170E+07 -1,7595E+07
0000784   3,5501E+09 -1,2946E+06 -3,5594E+07
0000785   3,5501E+09  1,0310E+07  2,1376E+07
0000786   3,5501E+09  2,7732E+06  2,3053E+07
0000787   3,5501E+09 -3,7396E+07 -1,0024E+07
0000788   3,5501E+09 -4,7672E+07 -5,5165E+06
0000789   3,5501E+09  5,9033E+06 -4,4768E+07
0000790   3,5501E+09 -2,0487E+07 -4,2034E+06
0000791   3,5501E+09  2,0750E+07 -4,3246E+07
0000792   3,5501E+09 -1,4231E+07 -1,3533E+07
0000793   3,5501E+09 -5,0377E+06  2,9817E+06
0000794   3,5501E+09  1,5833E+06 -1,5207E+07
0000795   3,5501E+09 -2,1542E+07  6,7890E+06
0000796   3,5501E+09 -1,3235E+07 -2,1573E+07
0000797   3,5501E+09 -2,1911E+06  1,6965E+07
0000798   3,5501E+09  2,4681E+07  3,9532E+07
0000799   3,5501E+09 -3,5823E+07  4,5715E+06
0000800   3,5501E+09  4,4246E+07 -3,3269E+07
0000801   3,5501E+09 -5,8111E+06 -4,2998E+06
0000802   3,5501E+09 -2,4848E+06 -1,7938E+07
0000803   3,5501E+09 -1,9985E+07 -1,5056E+07
0000804   3,5501E+09  2,2805E+07 -2,1193E+07
0000805   3,5501E+09 -3,7121E+06 -1,9751E+07
0000806   3,5501E+09  1,9352E+07  2,2889E+07
0000807   3,5501E+09 -1,2200E+07 -1,5013E+07
0000808   3,5501E+09  3,3776E+06  3,5012E+07
0000809   3,5501E+09 -3,4914E+06 -8,1730E+06
0000810   3,5501E+09  4,1865E+07 -8,2155E+05
0000811   3,5501E+09  7,7025E+07  2,2259E+07
0000812   3,5501E+09  3,5821E+06  4,6926E+06
0000813   3,5501E+09 -6,4399E+07  1,4680E+07
0000814   3,5501E+09 -1,2914E+07 -2,1338E+07
0000815   3,5501E+09  9,7708E+06  6,7389E+06
0000816   3,5501E+09  2,0352E+07  2,5182E+06
0000817   3,5501E+09 -6,0027E+06  1,8229E+07
0000818   3,5501E+09  1,0015E+08  2,4277E+07
0000819   3,5501E+09 -5,8019E+07 -2,8660E+07
0000820   3,5501E+09 -1,1061E+07 -1,3486E+07
0000821   3,5501E+09  6,2076E+07 -4,0076E+07
0000822   3,5501E+09 -9,7704E+06 -2,0260E+07
0000823   3,5501E+09 -3,4987E+07 -6,4920E+07
0000824   3,5501E+09  7,4064E+05  2,0476E+07
0000825   3,5501E+09 -9,2248E+06  3,5319E+07
0000826   3,5501E+09  1,5210E+07 -2,3030E+06
0000827   3,5501E+09 -2,2921E+07  1,5768E+07
0000828   3,5501E+09  2,4413E+07  1,9914E+06
0000829   3,5501E+09  4,2082E+07  8,1622E+07
0000830   3,5501E+09  3,8630E+06 -1,5643E+07
0000831   3,5501E+09  5,7219E+07 -2,0170E+07
0000832   3,5501E+09 -7,3774E+06  2,6676E+06
0000833   3,5501E+09  4,4763E+07 -9,6829E+06
0000834   3,5501E+09 -6,9604E+07  1,4180E+07
0000835   3,5501E+09 -2,8271E+07  2,8989E+07
0000836   3,5501E+09 -1,3471E+07  1,5380E+07
0000837   3,5501E+09  7,3528E+07 -4,8320E+07
0000838   3,5501E+09 -1,3476E+05  1,0752E+06
0000839   3,5501E+09  6,4970E+07  2,2560E+07
0000840   3,5501E+09  3,0442E+07  7,8969E+06
0000841   3,5501E+09 -8,7562E+06  2,7635E+07
0000842   3,5501E+09  3,3234E+06  1,2141E+07
0000843   3,5501E+09 -1,5137E+07 -2,0652E+07
0000844   3,5501E+09 -1,2957E+07  6,7293E+05
0000845   3,5501E+09  3,3901E+07 -9,2781E+06
0000846   3,5501E+09 -2,3057E+07 -3,0436E+07
0000847   3,5501E+09 -7,6058E+05 -1,1183E+07
0000848   3,5501E+09 -5,4906E+06 -6,5582E+07
0000849   3,5501E+09 -7,1820E+06 -6,5080E+06
0000850   3,5501E+09 -1,7185E+07  2,6299E+07
0000851   3,5501E+09  1,5546E+07 -4,2911E+07
0000852   3,5501E+09 -3,6011E+07 -5,4349E+06
0000853   3,5501E+09 -3,9704E+07  1,6771E+07
0000854   3,5501E+09 -6,1495E+07 -3,0116E+07
0000855   3,5501E+09 -2,0531E+06 -1,0847E+08
0000856   3,5501E+09  6,3261E+07 -1,4069E+05
0000857   3,5501E+09 -1,9100E+06 -2,1104E+06
0000858   3,5501E+09 -1,4333E+07 -7,7875E+07
0000859   3,5501E+09  4,2656E+07 -1,1822E+07
0000860   3,5501E+09 -9,3916E+04 -4,1759E+06
0000861   3,5501E+09 -1,2497E+07 -1,4583E+07
0000862   3,5501E+09  2,2430E+07 -1,9462E+07
0000863   3,5501E+09 -2,9309E+07 -8,1279E+06
0000864   3,5501E+09  3,6389E+07  2,6129E+07
0000865   3,5501E+09 -7,5521E+07 -4,9064E+07
0000866   3,5501E+09  1,0864E+07  1,7416E+07
0000867   3,5501E+09  4,5361E+07 -3,0551E+07
0000868   3,5501E+09  4,0001E+07 -5,4264E+06
0000869   3,5501E+09  9,2768E+06 -1,7677E+07
0000870   3,5501E+09  5,1773E+07  1,0279E+07
0000871   3,5501E+09 -2,1623E+07  1,7475E+07
0000872   3,5501E+09 -3,1726E+07  4,0012E+07
0000873   3,5501E+09  8,4703E+06 -3,3983E+07
0000874   3,5501E+09  2,8048E+07 -4,5871E+07
0000875   3,5501E+09  3,4357E+07 -1,9470E+07
0000876   3,5501E+09 -8,6401E+06  2,3888E+07
0000877   3,5501E+09 -3,1868E+07 -3,5866E+06
0000878   3,5501E+09  3,3364E+07 -3,0968E+07
0000879   3,5501E+09  1,1964E+06  2,4892E+06
0000880   3,5501E+09  7,4038E+06  1,4837E+07
0000881   3,5501E+09  2,0317E+07 -3,1180E+07
0000882   3,5501E+09 -2,1428E+06 -1,8517E+05
0000883   3,5501E+09  2,4463E+07 -4,6103E+07
0000884   3,5501E+09  2,1348E+07 -2,1320E+07
0000885   3,5501E+09 -5,8946E+06  1,5707E+07
0000886   3,5501E+09  2,7015E+06 -1,5130E+07
0000887   3,5501E+09  9,3065E+06  5,4592E+06
0000888   3,5501E+09 -2,8950E+07 -8,1213E+06
0000889   3,5501E+09  4,8849E+07  2,7103E+07
0000890   3,5501E+09 -4,6686E+05  1,9031E+07
0000891   3,5501E+09  1,1899E+07 -3,1973E+07
0000892   3,5501E+09 -1,5997E+07 -3,1889E+07
0000893   3,5501E+09 -4,0146E+07  3,6133E+07
0000894   3,5501E+09  1,2814E+07 -1,6522E+07
0000895   3,5501E+09 -3,4431E+06 -1,8219E+05
0000896   3,5501E+09  1,5221E+07  1,6867E+07
0000897   3,5501E+09 -4,3267E+07 -2,0014E+07
0000898   3,5501E+09 -8,7269E+06 -8,9414E+07
0000899   3,5501E+09  2,1259E+07  6,4102E+06
0000900   3,5501E+09 -1,6372E+07 -2,0862E+07
0000901   3,5501E+09 -7,9276E+05 -1,9790E+07
0000902   3,5501E+09 -3,6122E+07  3,5012E+07
0000903   3,5501E+09 -2,2589E+07  8,6385E+06
0000904   3,5501E+09 -1,5128E+07  2,8428E+07
0000905   3,5501E+09 -3,7950E+07 -7,1561E+06
0000906   3,5501E+09  4,8197E+07  4,2451E+07
0000907   3,5501E+09 -2,2204E+07 -1,8395E+07
0000908   3,5501E+09  4,6207E+07  3,6297E+07
0000909   3,5501E+09  1,9265E+07 -1,8525E+07
0000910   3,5501E+09  1,5034E+07 -8,0956E+07
0000911   3,5501E+09 -1,3500E+07 -6,0161E+07
0000912   3,5501E+09  2,8724E+06  8,9807E+06
0000913   3,5501E+09  4,5517E+07 -1,9164E+07
0000914   3,5501E+09 -1,9610E+07 -3,3659E+06
0000915   3,5501E+09 -1,0022E+07  5,8633E+06
0000916   3,5501E+09  1,2695E+07  2,6348E+07
0000917   3,5501E+09 -2,6056E+07  3,5641E+07
0000918   3,5501E+09 -6,1596E+06 -1,0546E+07
0000919   3,5501E+09  2,1751E+07  1,0888E+07
0000920   3,5501E+09 -1,0459E+07 -1,2629E+07
0000921   3,5501E+09  2,7084E+07  4,4032E+07
0000922   3,5501E+09 -9,2287E+06  9,6359E+06
0000923   3,5501E+09  3,0511E+06  6,2769E+06
0000924   3,5501E+09  1,6732E+07  1,9190E+07
0000925   3,5501E+09 -1,3775E+07  3,2507E+07
0000926   3,5501E+09  2,3012E+07  6,7127E+06
0000927   3,5501E+09 -1,6771E+07 -1,8220E+07
0000928   3,5501E+09 -1,9853E+06  3,6096E+07
0000929   3,5501E+09 -1,3304E+07  2,4918E+07
0000930   3,5501E+09  1,4323E+07  1,6360E+07
0000931   3,5501E+09  1,0764E+07 -1,2399E+07
0000932   3,5501E+09  1,1374E+07 -4,8137E+05
0000933   3,5501E+09 -1,4134E+07  8,2755E+06
0000934   3,5501E+09 -7,5122E+05 -4,2271E+07
0000935   3,5501E+09 -1,5277E+07 -1,7361E+07
0000936   3,5501E+09  3,1788E+07 -1,2041E+07
0000937   3,5501E+09 -3,7963E+07 -2,0482E+07
0000938   3,5501E+09 -5,8809E+07 -8,1706E+06
0000939   3,5501E+09  3,2665E+07 -1,6088E+07
0000940   3,5501E+09 -2,2304E+06 -1,9849E+06
0000941   3,5501E+09 -2,0792E+07  6,3246E+07
0000942   3,5501E+09 -1,5982E+07  9,2777E+06
0000943   3,5501E+09  5,7856E+06  4,8124E+06
0000944   3,5501E+09  4,9249E+06  2,2542E+07
0000945   3,5501E+09  1,2233E+07 -1,7417E+07
0000946   3,5501E+09 -3,6911E+07 -2,2348E+07
0000947   3,5501E+09  1,6868E+06  8,4437E+06
0000948   3,5501E+09  2,1920E+06 -2,5165E+07
0000949   3,5501E+09  4,8089E+06  2,2898E+07
0000950   3,5501E+09 -6,2343E+06 -6,2488E+07
0000951   3,5501E+09 -1,2279E+07 -1,2700E+07
0000952   3,5501E+09  2,3641E+07 -5,2819E+07
0000953   3,5501E+09  2,2262E+07 -9,6595E+06
0000954   3,5501E+09 -1,5135E+07 -4,7872E+07
0000955   3,5501E+09 -3,4325E+07  2,0348E+07
0000956   3,5501E+09 -6,8724E+06  8,5602E+06
0000957   3,5501E+09  1,2909E+07  4,0798E+06
0000958   3,5501E+09  4,6569E+05  1,3577E+07
0000959   3,5501E+09 -7,5230E+06 -1,7623E+07
0000960   3,5501E+09  5,4522E+05 -2,8512E+07
0000961   3,5501E+09  3,7028E+05  3,4668E+06
0000962   3,5501E+09  4,3926E+07 -6,9144E+07
0000963   3,5501E+09 -1,7958E+05 -2,8234E+07
0000964   3,5501E+09  5,3411E+06 -1,5292E+07
0000965   3,5501E+09  1,5141E+07  1,2706E+07
0000966   3,5501E+09  8,0500E+06 -5,6147E+06
0000967   3,5501E+09 -8,2247E+06 -9,0025E+06
0000968   3,5501E+09  2,8107E+07  9,3085E+04
0000969   3,5501E+09  8,5723E+06 -8,4653E+06
0000970   3,5501E+09  5,7127E+06 -9,0506E+06
0000971   3,5501E+09  1,4986E+07 -1,9621E+07
0000972   3,5501E+09 -2,6619E+07  5,0824E+06
0000973   3,5501E+09 -3,6438E+07 -2,0329E+07
0000974   3,5501E+09  1,6904E+06 -1,4812E+07
0000975   3,5501E+09 -1,1006E+07 -4,3858E+07
0000976   3,5501E+09  4,1530E+07 -9,3615E+06
0000977   3,5501E+09  1,2986E+07 -5,3155E+07
0000978   3,5501E+09  3,8547E+07 -5,7989E+07
0000979   3,5501E+09  1,5895E+07 -1,8647E+07
0000980   3,5501E+09 -3,4443E+07 -3,8736E+07
0000981   3,5501E+09  3,8455E+07 -2,3751E+07
0000982   3,5501E+09 -1,2466E+07  1,1652E+07
0000983   3,5501E+09  7,2479E+06  1,5686E+07
0000984   3,5501E+09 -2,1403E+07  3,2665E+07
0000985   3,5501E+09 -7,8772E+06 -8,5532E+06
0000986   3,5501E+09 -2,5743E+07 -1,0175E+07
0000987   3,5501E+09  1,8747E+07  2,4503E+07
0000988   3,5501E+09  2,0756E+07 -1,1713E+07
0000989   3,5501E+09 -8,1373E+05  3,0598E+07
0000990   3,5501E+09 -3,0843E+07  2,6429E+07
0000991   3,5501E+09 -1,2002E+07  1,9020E+07
0000992   3,5501E+09  3,1269E+07  2,4832E+07
0000993   3,5501E+09  1,3848E+07  3,3300E+07
0000994   3,5501E+09 -3,3926E+07  8,3515E+07
0000995   3,5501E+09  1,1000E+07 -5,1597E+05
0000996   3,5501E+09  1,1994E+07 -2,5988E+07
0000997   3,5501E+09  8,9690E+06  2,5444E+07
0000998   3,5501E+09 -2,3043E+07  2,3907E+07
0000999   3,5501E+09 -3,0423E+07  1,1870E+07
0001000   3,5501E+09 -1,4408E+07 -1,7599E+06
0001001   3,5501E+09 -5,7001E+05  1,4607E+05
0001002   3,5501E+09  3,4544E+06  3,3664E+07
0001003   3,5501E+09  6,6257E+06  3,8916E+07
0001004   3,5501E+09  2,3807E+07 -1,5259E+07
0001005   3,5501E+09 -4,2799E+07  4,1452E+07
0001006   3,5501E+09  3,3676E+07  2,1692E+07
0001007   3,5501E+09  5,3668E+07  4,4515E+07
0001008   3,5501E+09  2,1628E+07  9,7430E+06
0001009   3,5501E+09 -1,2857E+07 -1,4548E+07
0001010   3,5501E+09 -1,2270E+08 -5,5126E+07
0001011   3,5501E+09  3,8942E+07 -2,5657E+07
0001012   3,5501E+09  8,7404E+06 -4,1551E+06
0001013   3,5501E+09 -8,2802E+06  1,1040E+07
0001014   3,5501E+09 -6,4598E+06 -6,6203E+05
0001015   3,5501E+09 -3,8105E+07  1,0252E+07
0001016   3,5501E+09 -1,9276E+06 -1,5815E+07
0001017   3,5501E+09  3,4462E+06 -6,6272E+06
0001018   3,5501E+09 -1,0664E+07 -3,3899E+07
0001019   3,5501E+09  4,4438E+06  1,6558E+07
0001020   3,5501E+09 -1,5217E+07 -7,3893E+06